 -1.0000000e-001 -5.5602738e+000 -6.9203764e+000 -6.9840314e+000 -7.1587647e+000 -5.1522803e+000 -3.9089092e+000 -8.2246527e-001 -2.0126865e+000 -3.8967127e+000 -4.6061175e+000 -4.0159565e+000 -5.5599867e+000 -6.3163281e+000 -2.5053322e+000 -3.1694544e+000 -2.3918845e+000 -5.4470310e+000 -3.0461387e+000 -6.6794267e+000 -8.5477347e+000 -5.0074325e+000 -4.2002032e+000 -8.5214835e-001 -6.8409531e+000 -9.0257704e+000 -6.5274745e+000 -6.6083962e+000 -3.4528714e+000 -4.0196959e+000 -3.7580572e+000 -1.6983626e+000 -5.4693754e+000 -8.1680350e+000 -5.6339985e+000 -5.5577756e+000 -5.6383666e+000 -5.7349663e+000 -1.8641411e+000 -4.6107605e+000 -3.5024122e+000 -3.0871770e+000 -6.7643150e+000 -5.8737975e+000 -3.9160574e+000 -3.5178487e+000 -3.8575235e+000 -3.9574749e+000 -3.9037259e+000 -4.5571151e+000 -5.0724425e+000 -1.5279008e+000 -4.3738648e+000 -5.0554030e+000 -5.8602868e+000 -3.7990710e+000 -3.7005585e+000 -7.8800430e+000 -5.6582750e+000 -6.6292978e+000 -3.4402845e+000 -2.3346641e+000 -3.8816916e+000 -6.1236550e+000 -5.5668285e+000 -3.3193806e+000 -2.5529231e+000 -4.6911358e+000 -4.6058595e+000 -6.5180596e+000 -6.0606678e+000 -3.2396997e+000 -5.9669148e+000 -3.1524082e+000 -8.0969460e+000 -4.5723983e+000 -7.0249481e+000 -9.3738068e+000 -6.0919922e+000 -6.5276892e+000 -2.7373910e+000 -6.7422838e+000 -3.0871770e+000 -8.4235700e+000 -7.5035775e+000 -3.9009789e+000 -6.4031378e+000 -5.8312168e+000 -4.3913491e+000 -4.3913491e+000
 -5.5602738e+000 -1.0000000e-001 -8.9409097e+000 -6.5330173e+000 -5.7963964e+000 -3.7509172e+000 -4.3982874e+000 -5.9928780e+000 -7.1321826e+000 -7.7061904e+000 -4.4724861e+000 -9.0145967e+000 -8.2079976e+000 -6.8099185e+000 -6.6697779e+000 -6.4727415e+000 -5.2346762e+000 -2.1638010e+000 -6.3297119e+000 -4.2997716e+000 -7.1667431e+000 -4.3301551e+000 -6.6278314e+000 -6.0588123e+000 -3.7524058e+000 -8.7452771e+000 -5.5347641e+000 -3.5202504e+000 -3.8988657e+000 -7.3457241e+000 -4.3572582e+000 -5.4501263e+000 -8.4353560e+000 -1.0803806e+001 -5.6124527e+000 -4.2153374e+000 -8.1858385e+000 -7.3778438e+000 -5.9130732e+000 -3.6502573e+000 -3.9652731e+000 -7.7939861e+000 -8.9649090e+000 -4.8104986e+000 -5.8239945e+000 -7.1561916e+000 -8.8581948e+000 -9.1686049e+000 -4.6279446e+000 -8.8207846e+000 -8.2421720e+000 -6.6211746e+000 -2.7825981e+000 -2.0900170e+000 -9.5771893e+000 -2.9281441e+000 -6.7348285e+000 -9.2067996e+000 -3.7463742e+000 -4.9223665e+000 -6.5960688e+000 -5.0201772e+000 -8.9928000e+000 -2.0216890e+000 -8.7045139e+000 -7.2908809e+000 -5.2698186e+000 -6.4283757e+000 -4.4713977e+000 -9.7127566e-001 -2.2027744e+000 -4.3804546e+000 -7.1309085e+000 -6.6339937e+000 -4.9052350e+000 -6.8719838e+000 -8.1053395e+000 -9.1715067e+000 -3.6972142e+000 -9.0523010e+000 -6.1263896e+000 -1.0814529e+001 -7.7939861e+000 -3.4800323e+000 -6.1291250e+000 -5.3487832e+000 -7.7095109e+000 -4.5141252e+000 -4.2100597e+000 -4.2100597e+000
 -6.9203764e+000 -8.9409097e+000 -1.0000000e-001 -4.2917504e+000 -8.3873569e+000 -5.7335588e+000 -8.4598144e+000 -6.6146587e+000 -6.3946969e+000 -4.1741021e+000 -4.7154495e+000 -5.6493181e+000 -2.5310570e+000 -4.3241126e+000 -7.9211469e+000 -3.9344358e+000 -4.7735562e+000 -8.3067892e+000 -4.0228329e+000 -8.4751810e+000 -4.9455694e+000 -7.8812493e+000 -4.7028462e+000 -7.6469557e+000 -1.1747335e+001 -5.3704660e+000 -4.7312372e+000 -6.9530622e+000 -6.9325752e+000 -4.4764255e+000 -8.6166027e+000 -6.4112127e+000 -3.4550696e+000 -2.4015967e+000 -6.2961431e+000 -9.1444600e+000 -2.1880836e+000 -4.0710353e+000 -5.2719593e+000 -8.7873317e+000 -7.7612734e+000 -5.1234774e+000 -1.8491338e+000 -8.7380991e+000 -9.4804192e+000 -6.1633375e+000 -6.5596562e+000 -7.3454288e+000 -8.2838702e+000 -3.8633790e+000 -5.7592557e+000 -6.7351875e+000 -7.8424084e+000 -8.8474492e+000 -6.5431180e+000 -7.9767143e+000 -1.0612052e+001 -2.8853586e+000 -5.7102505e+000 -5.8674870e+000 -4.0450277e+000 -8.9850190e+000 -8.4158886e+000 -9.6527131e+000 -4.8064051e+000 -9.8995068e+000 -9.0113150e+000 -6.0367915e+000 -4.7162747e+000 -9.4503467e+000 -9.7192884e+000 -8.8386091e+000 -8.9806911e+000 -9.9210444e+000 -1.1758877e+001 -6.9245557e+000 -5.9856284e+000 -5.2617897e+000 -1.0940792e+001 -4.8736798e+000 -7.3135974e+000 -3.7906463e+000 -5.1234774e+000 -1.1685783e+001 -4.9728006e+000 -6.1149490e+000 -1.4065093e+000 -8.8320810e+000 -5.0930615e+000 -5.0930615e+000
 -6.9840314e+000 -6.5330173e+000 -4.2917504e+000 -1.0000000e-001 -4.7541949e+000 -2.8427613e+000 -6.3842713e+000 -7.1445234e+000 -6.9347846e+000 -5.1594013e+000 -2.6183542e+000 -8.0615546e+000 -5.6370504e+000 -5.5667184e+000 -8.7873585e+000 -4.5585462e+000 -4.7811811e+000 -6.7889634e+000 -4.5779266e+000 -4.8206164e+000 -2.2991526e+000 -7.6523902e+000 -3.9067246e+000 -7.8050094e+000 -9.0704721e+000 -2.5064670e+000 -4.0904269e+000 -3.4696954e+000 -4.8907109e+000 -4.6912035e+000 -8.3539279e+000 -5.8606552e+000 -4.3720789e+000 -6.6650303e+000 -6.7992753e+000 -6.2402280e+000 -5.3431690e+000 -6.1450813e+000 -6.0514193e+000 -8.1433666e+000 -5.7409627e+000 -6.3242196e+000 -5.5296120e+000 -8.5206694e+000 -9.6551291e+000 -7.8440374e+000 -7.6132766e+000 -8.4003260e+000 -6.2339658e+000 -6.6566182e+000 -5.4551689e+000 -6.9560347e+000 -6.8553696e+000 -6.1479363e+000 -6.7925626e+000 -5.7629414e+000 -1.0181070e+001 -3.1029991e+000 -2.9007279e+000 -4.9948488e+000 -5.6390019e+000 -8.5688977e+000 -9.0399846e+000 -6.6585425e+000 -7.6755428e+000 -1.0258250e+001 -8.0569305e+000 -4.2979860e+000 -2.6191456e+000 -6.7680116e+000 -6.7443556e+000 -7.2244897e+000 -6.7871005e+000 -9.9574293e+000 -8.3588247e+000 -5.4898770e+000 -3.8205460e+000 -2.8013284e+000 -8.2973773e+000 -7.8297811e+000 -8.1609042e+000 -7.4823713e+000 -6.3242196e+000 -8.3451769e+000 -4.0619775e+000 -4.2720510e+000 -3.4444980e+000 -8.4531789e+000 -2.8905905e+000 -2.8905905e+000
 -7.1587647e+000 -5.7963964e+000 -8.3873569e+000 -4.7541949e+000 -1.0000000e-001 -3.9887469e+000 -4.0206542e+000 -7.7821838e+000 -7.2122896e+000 -6.6804863e+000 -4.6329451e+000 -9.8640029e+000 -9.1322257e+000 -9.1273787e+000 -9.5116492e+000 -6.3647933e+000 -6.2294857e+000 -7.4045892e+000 -6.3440753e+000 -1.5900564e+000 -6.4692913e+000 -9.0335034e+000 -4.7791225e+000 -7.7107638e+000 -6.1778046e+000 -5.3942298e+000 -7.5391465e+000 -4.1271613e+000 -3.7776283e+000 -5.8391745e+000 -8.8370190e+000 -5.6683621e+000 -6.4868457e+000 -1.0738198e+001 -9.3287628e+000 -2.8208489e+000 -8.9191743e+000 -9.5349653e+000 -7.4715244e+000 -8.6818910e+000 -3.9662280e+000 -7.4468260e+000 -9.5266570e+000 -9.8575773e+000 -9.9525264e+000 -9.7482220e+000 -7.9991605e+000 -8.5375496e+000 -3.8917447e+000 -9.1106774e+000 -5.5715497e+000 -6.9579582e+000 -7.5736935e+000 -4.1669048e+000 -6.8154590e+000 -4.1662837e+000 -8.8470686e+000 -6.8334497e+000 -4.7012638e+000 -7.8646201e+000 -8.0723251e+000 -8.0238610e+000 -8.5573243e+000 -4.4464996e+000 -1.0689803e+001 -9.8933652e+000 -6.5833556e+000 -3.6100885e+000 -4.6330640e+000 -5.9854736e+000 -4.3812633e+000 -5.2793941e+000 -3.5672497e+000 -9.3754351e+000 -4.4635141e+000 -4.1164607e+000 -3.8330850e+000 -5.9665571e+000 -5.2686232e+000 -1.1201135e+001 -9.2822496e+000 -1.0431544e+001 -7.4468260e+000 -5.8747903e+000 -7.7905649e+000 -3.5756015e+000 -7.6565349e+000 -9.6525866e+000 -4.3237025e+000 -4.3237025e+000
 -5.1522803e+000 -3.7509172e+000 -5.7335588e+000 -2.8427613e+000 -3.9887469e+000 -1.0000000e-001 -4.2472777e+000 -5.4723108e+000 -5.8041272e+000 -5.1122400e+000 -1.1315913e+000 -7.4946664e+000 -5.8738148e+000 -5.2240154e+000 -6.9509914e+000 -4.0311220e+000 -3.4248255e+000 -4.2750398e+000 -3.9515319e+000 -3.2250350e+000 -4.0826687e+000 -5.5246950e+000 -3.7416512e+000 -5.9447824e+000 -6.4202714e+000 -5.1325923e+000 -3.6569979e+000 -1.6979141e+000 -2.7252118e+000 -4.6305824e+000 -5.9534727e+000 -4.2485270e+000 -5.2454394e+000 -7.9322823e+000 -5.4230097e+000 -4.1773035e+000 -5.7100488e+000 -5.7837159e+000 -4.7028452e+000 -5.6629130e+000 -3.5234878e+000 -5.7948148e+000 -6.3258396e+000 -6.3874805e+000 -7.3451649e+000 -6.5736817e+000 -7.0758400e+000 -7.6853601e+000 -4.2128566e+000 -6.6291541e+000 -5.5797999e+000 -5.5716387e+000 -4.3703963e+000 -3.4648115e+000 -7.0359635e+000 -3.1978330e+000 -7.9071600e+000 -5.4961028e+000 -9.2131535e-001 -3.9591973e+000 -4.8689419e+000 -6.1904054e+000 -7.9816181e+000 -4.0459780e+000 -7.2737774e+000 -8.1676423e+000 -5.8345991e+000 -3.8338941e+000 -1.1309418e+000 -4.1297875e+000 -4.1423486e+000 -4.9023594e+000 -5.7948176e+000 -7.7315104e+000 -6.2528037e+000 -4.7921674e+000 -4.8645864e+000 -5.5379446e+000 -5.7336285e+000 -7.5992102e+000 -6.3414088e+000 -8.1895694e+000 -5.7948148e+000 -5.9764642e+000 -4.1217075e+000 -3.0782628e+000 -4.5924249e+000 -6.2459948e+000 -9.9032246e-001 -9.9032246e-001
 -3.9089092e+000 -4.3982874e+000 -8.4598144e+000 -6.3842713e+000 -4.0206542e+000 -4.2472777e+000 -1.0000000e-001 -4.6993503e+000 -4.4688499e+000 -5.4345503e+000 -4.4836819e+000 -7.4986426e+000 -8.1033550e+000 -8.3207366e+000 -6.1731182e+000 -4.9420974e+000 -4.3359047e+000 -5.7811716e+000 -4.8567086e+000 -3.5881281e+000 -8.2009654e+000 -6.8595134e+000 -4.2263052e+000 -4.1982024e+000 -4.2139682e+000 -8.0102273e+000 -7.4376399e+000 -5.1779228e+000 -1.6604683e+000 -4.8583928e+000 -5.8404429e+000 -2.8500696e+000 -6.2979257e+000 -1.0413077e+001 -7.7761754e+000 -1.7945552e+000 -8.0314318e+000 -8.3080933e+000 -5.0520834e+000 -6.0787124e+000 -8.0834778e-001 -5.4246078e+000 -8.9941315e+000 -7.6726061e+000 -6.5279893e+000 -7.1661169e+000 -5.7748785e+000 -6.0040448e+000 -3.2683813e-001 -7.4699789e+000 -4.9887080e+000 -3.9589372e+000 -5.4134434e+000 -2.5590368e+000 -6.0664540e+000 -1.5484511e+000 -4.8283872e+000 -8.1080419e+000 -5.0540707e+000 -7.4934818e+000 -6.2932491e+000 -4.2725977e+000 -5.6118547e+000 -3.5367573e+000 -8.8845352e+000 -6.0279005e+000 -2.5935643e+000 -3.4105986e+000 -4.4833628e+000 -5.1333443e+000 -3.3586669e+000 -1.2810249e+000 -3.0557605e+000 -5.4701794e+000 -4.5004124e+000 -3.1577037e+000 -5.6179313e+000 -8.5186985e+000 -3.1139067e+000 -9.6588234e+000 -6.2496492e+000 -9.3487890e+000 -5.4246078e+000 -5.7601499e+000 -8.1526143e+000 -2.5921301e+000 -7.7386493e+000 -7.4730546e+000 -4.0282742e+000 -4.0282742e+000
 -8.2246527e-001 -5.9928780e+000 -6.6146587e+000 -7.1445234e+000 -7.7821838e+000 -5.4723108e+000 -4.6993503e+000 -1.0000000e-001 -2.1441526e+000 -3.8596991e+000 -4.8100599e+000 -3.3612980e+000 -5.0279242e+000 -5.9022742e+000 -1.9723890e+000 -3.0944608e+000 -2.3809301e+000 -5.5901703e+000 -2.9743983e+000 -7.3000199e+000 -8.5981372e+000 -4.8110238e+000 -4.4733955e+000 -1.2205193e+000 -7.5366314e+000 -9.2200362e+000 -6.3781991e+000 -6.9542188e+000 -4.0952202e+000 -4.1520585e+000 -3.6886946e+000 -2.2985768e+000 -5.4668917e+000 -7.6648684e+000 -5.2527207e+000 -6.3097282e+000 -5.1459810e+000 -5.1854589e+000 -1.4065559e+000 -4.6075461e+000 -4.2445027e+000 -2.9481681e+000 -6.2792278e+000 -5.6663853e+000 -3.7479605e+000 -2.7393536e+000 -3.8714565e+000 -3.9744916e+000 -4.6868976e+000 -4.0169140e+000 -5.3645190e+000 -1.8721673e+000 -4.4447561e+000 -5.6979126e+000 -6.0883784e+000 -4.4833024e+000 -4.1493392e+000 -7.8610159e+000 -5.8888199e+000 -6.5035104e+000 -2.9154302e+000 -2.6971628e+000 -4.0670111e+000 -6.7448145e+000 -4.8253424e+000 -3.3278400e+000 -3.3198087e+000 -5.1748484e+000 -4.8098401e+000 -6.9381631e+000 -6.7024534e+000 -4.0506367e+000 -6.6802490e+000 -3.3148405e+000 -8.8438947e+000 -5.1341035e+000 -7.3979462e+000 -9.5276212e+000 -6.8340767e+000 -5.8182750e+000 -2.1549645e+000 -6.2357008e+000 -2.9481681e+000 -9.0221143e+000 -7.3756899e+000 -4.4392322e+000 -6.1524143e+000 -5.6710778e+000 -4.6677663e+000 -4.6677663e+000
 -2.0126865e+000 -7.1321826e+000 -6.3946969e+000 -6.9347846e+000 -7.2122896e+000 -5.8041272e+000 -4.4688499e+000 -2.1441526e+000 -1.0000000e-001 -2.5732500e+000 -5.0699561e+000 -3.2756085e+000 -5.4558738e+000 -7.0597064e+000 -3.8677803e+000 -2.6836630e+000 -2.8932844e+000 -7.1908422e+000 -2.6595027e+000 -7.1741864e+000 -8.7881736e+000 -6.7822273e+000 -3.3870797e+000 -2.1648510e+000 -8.1713350e+000 -8.5700374e+000 -7.3492640e+000 -7.4353739e+000 -4.0531782e+000 -2.8007690e+000 -5.7320039e+000 -1.8274169e+000 -4.2284224e+000 -7.5678314e+000 -6.9650102e+000 -6.1243528e+000 -5.4782397e+000 -6.3091784e+000 -2.5543626e+000 -6.5681547e+000 -4.1773095e+000 -1.5027406e+000 -6.5546931e+000 -7.6940206e+000 -5.7607194e+000 -4.3736203e+000 -1.8568735e+000 -2.0986499e+000 -4.3208496e+000 -3.7000990e+000 -3.5793953e+000 -6.5054309e-001 -6.1927426e+000 -6.2447095e+000 -4.0525118e+000 -4.8563835e+000 -4.7532829e+000 -7.0975599e+000 -6.4391789e+000 -7.7453848e+000 -3.7664285e+000 -4.1517625e+000 -2.4266621e+000 -7.3629233e+000 -5.8211680e+000 -4.4603707e+000 -3.5556109e+000 -4.0106974e+000 -5.0701562e+000 -8.0524919e+000 -7.2740260e+000 -4.1690057e+000 -5.4417448e+000 -4.5131244e+000 -8.9559929e+000 -3.6901184e+000 -6.1431225e+000 -8.8890927e+000 -7.2481457e+000 -6.8778925e+000 -4.2457773e+000 -5.5942669e+000 -1.5027406e+000 -9.7414848e+000 -8.2424461e+000 -3.6971288e+000 -6.2600246e+000 -7.6800591e+000 -4.8961887e+000 -4.8961887e+000
 -3.8967127e+000 -7.7061904e+000 -4.1741021e+000 -5.1594013e+000 -6.6804863e+000 -5.1122400e+000 -5.4345503e+000 -3.8596991e+000 -2.5732500e+000 -1.0000000e-001 -4.1421779e+000 -3.6400983e+000 -4.1204455e+000 -6.1802797e+000 -5.6656476e+000 -1.4663492e+000 -2.7863100e+000 -7.6920876e+000 -1.6103603e+000 -6.9273804e+000 -7.0526742e+000 -7.4391267e+000 -1.9144576e+000 -4.4360376e+000 -9.3849251e+000 -6.4712481e+000 -6.3460194e+000 -6.7933615e+000 -4.4189707e+000 -8.8404765e-001 -7.0857726e+000 -3.0225239e+000 -1.7023092e+000 -5.6228302e+000 -6.9221275e+000 -6.6329858e+000 -3.9937976e+000 -5.5487253e+000 -3.1595352e+000 -7.6499632e+000 -4.9557464e+000 -1.3742324e+000 -4.8561534e+000 -8.4220922e+000 -7.5423215e+000 -5.0907389e+000 -2.6010110e+000 -3.4277466e+000 -5.2061249e+000 -2.7174218e+000 -2.3377532e+000 -3.0107866e+000 -6.9078146e+000 -6.8760335e+000 -3.1011083e+000 -5.5992112e+000 -7.2047538e+000 -4.6204928e+000 -5.6812689e+000 -7.1005885e+000 -3.3488823e+000 -6.2103181e+000 -4.3788793e+000 -7.9300933e+000 -5.4311973e+000 -6.8731328e+000 -5.6064041e+000 -3.2127791e+000 -4.1429002e+000 -8.4863400e+000 -7.8887458e+000 -5.6780404e+000 -5.7124034e+000 -6.8959489e+000 -9.5848522e+000 -3.5066979e+000 -4.4932496e+000 -6.7026000e+000 -8.4035440e+000 -6.2799368e+000 -5.6046045e+000 -4.0376602e+000 -1.3742324e+000 -1.0283169e+001 -7.0469010e+000 -3.3663503e+000 -4.3119661e+000 -8.4342943e+000 -4.1482946e+000 -4.1482946e+000
 -4.6061175e+000 -4.4724861e+000 -4.7154495e+000 -2.6183542e+000 -4.6329451e+000 -1.1315913e+000 -4.4836819e+000 -4.8100599e+000 -5.0699561e+000 -4.1421779e+000 -1.0000000e-001 -6.4876784e+000 -4.8004970e+000 -4.5329641e+000 -6.3650251e+000 -3.0062368e+000 -2.5526623e+000 -4.6103386e+000 -2.9351235e+000 -4.1288100e+000 -4.0555228e+000 -5.3722950e+000 -3.0156224e+000 -5.4397278e+000 -7.1577881e+000 -5.0053643e+000 -3.3170879e+000 -2.7426712e+000 -2.8307484e+000 -3.7640432e+000 -5.7920718e+000 -3.7391827e+000 -4.3087615e+000 -6.8764354e+000 -4.9898506e+000 -4.7996272e+000 -4.6297203e+000 -4.9154870e+000 -3.8607547e+000 -5.6716116e+000 -3.7116294e+000 -4.8662568e+000 -5.2892456e+000 -6.3041066e+000 -7.0744509e+000 -5.7584002e+000 -6.2610997e+000 -6.9130430e+000 -4.4033339e+000 -5.5283160e+000 -4.9377295e+000 -4.9321102e+000 -4.4370633e+000 -4.2031901e+000 -6.3576642e+000 -3.5940448e+000 -7.7446180e+000 -4.7783110e+000 -1.5398717e+000 -3.8539135e+000 -3.8665733e+000 -5.9955787e+000 -7.3479409e+000 -4.9452073e+000 -6.2911000e+000 -7.7763186e+000 -5.7342012e+000 -3.5152359e+000 -1.1425792e-003 -4.9813080e+000 -5.0184611e+000 -5.0250948e+000 -5.9101876e+000 -7.4346943e+000 -7.1633393e+000 -4.5074656e+000 -4.6187937e+000 -5.3531921e+000 -6.4111397e+000 -6.6590215e+000 -5.7496653e+000 -7.0628924e+000 -4.8662568e+000 -7.0035645e+000 -3.9118123e+000 -2.8355605e+000 -3.6306965e+000 -6.2157134e+000 -4.6352228e-001 -4.6352228e-001
 -4.0159565e+000 -9.0145967e+000 -5.6493181e+000 -8.0615546e+000 -9.8640029e+000 -7.4946664e+000 -7.4986426e+000 -3.3612980e+000 -3.2756085e+000 -3.6400983e+000 -6.4876784e+000 -1.0000000e-001 -3.9662765e+000 -6.2489832e+000 -3.9420752e+000 -3.6941769e+000 -4.1320543e+000 -8.2921500e+000 -3.7067278e+000 -9.7402794e+000 -9.4239162e+000 -7.0124113e+000 -5.3617429e+000 -4.1502075e+000 -1.0831714e+001 -9.7175950e+000 -7.4591345e+000 -9.1206347e+000 -6.6892050e+000 -4.4587459e+000 -6.4556115e+000 -4.6620592e+000 -4.9968296e+000 -5.7366805e+000 -6.4994703e+000 -9.0660797e+000 -4.1420816e+000 -5.0127947e+000 -3.1135511e+000 -7.3542289e+000 -7.0361273e+000 -2.6497844e+000 -5.0831177e+000 -7.8061489e+000 -6.2522133e+000 -3.0668548e+000 -3.4222727e+000 -3.5946026e+000 -7.3813065e+000 -1.8203537e+000 -5.6751900e+000 -3.7232099e+000 -7.1733439e+000 -8.7390519e+000 -5.8426380e+000 -7.4617186e+000 -6.8485035e+000 -7.4807712e+000 -7.8215141e+000 -7.9517584e+000 -3.1354693e+000 -5.9016498e+000 -4.4781617e+000 -9.8059323e+000 -3.5057059e+000 -5.5190010e+000 -6.3438430e+000 -6.5520409e+000 -6.4879530e+000 -9.8986516e+000 -9.7780982e+000 -7.1046928e+000 -8.5732550e+000 -5.9146157e+000 -1.1851732e+001 -6.5704296e+000 -8.1310007e+000 -9.8658697e+000 -1.0049009e+001 -4.6471362e+000 -4.1006778e+000 -3.5171249e+000 -2.6497844e+000 -1.2132032e+001 -8.3385181e+000 -6.3148695e+000 -5.8864534e+000 -7.9331889e+000 -6.5372865e+000 -6.5372865e+000
 -5.5599867e+000 -8.2079976e+000 -2.5310570e+000 -5.6370504e+000 -9.1322257e+000 -5.8738148e+000 -8.1033550e+000 -5.0279242e+000 -5.4558738e+000 -4.1204455e+000 -4.8004970e+000 -3.9662765e+000 -1.0000000e-001 -2.9981497e+000 -5.8766681e+000 -3.4292252e+000 -3.8101817e+000 -7.1475203e+000 -3.4456113e+000 -8.8804249e+000 -6.2398218e+000 -6.1063829e+000 -5.1232696e+000 -6.2090136e+000 -1.1102478e+001 -7.3909713e+000 -4.3637673e+000 -7.2123741e+000 -6.6513117e+000 -4.7019362e+000 -6.7757934e+000 -5.6850654e+000 -4.4389007e+000 -2.9023490e+000 -4.5226289e+000 -9.1148963e+000 -3.5419538e-001 -2.0279728e+000 -3.7102469e+000 -7.0941617e+000 -7.3787249e+000 -4.4126409e+000 -1.3022358e+000 -6.9072913e+000 -7.4446744e+000 -3.8286121e+000 -6.0051656e+000 -6.6127573e+000 -7.9926611e+000 -2.5871312e+000 -6.3287891e+000 -5.7432454e+000 -6.4290269e+000 -8.4239279e+000 -7.0872182e+000 -7.4823578e+000 -9.1735326e+000 -5.1857491e+000 -5.8017488e+000 -5.1751288e+000 -2.1755807e+000 -7.4215526e+000 -7.5740363e+000 -9.2916744e+000 -2.3072895e+000 -8.0919262e+000 -7.9792960e+000 -6.5398987e+000 -4.8008824e+000 -8.8415687e+000 -9.3586740e+000 -8.1135468e+000 -9.3190038e+000 -8.1970942e+000 -1.1715039e+001 -7.2254982e+000 -7.3730529e+000 -7.3970962e+000 -1.0404732e+001 -2.5551653e+000 -5.1963590e+000 -3.4782690e+000 -4.4126409e+000 -1.1392895e+001 -5.0021063e+000 -6.2597112e+000 -2.4755875e+000 -7.0595870e+000 -5.1187843e+000 -5.1187843e+000
 -6.3163281e+000 -6.8099185e+000 -4.3241126e+000 -5.5667184e+000 -9.1273787e+000 -5.2240154e+000 -8.3207366e+000 -5.9022742e+000 -7.0597064e+000 -6.1802797e+000 -4.5329641e+000 -6.2489832e+000 -2.9981497e+000 -1.0000000e-001 -6.3833469e+000 -4.9481063e+000 -4.4985674e+000 -5.3016245e+000 -4.8804367e+000 -8.4342456e+000 -5.2834018e+000 -4.3745375e+000 -6.4330457e+000 -7.0427699e+000 -1.0288402e+001 -7.7459757e+000 -2.1827932e+000 -5.9916966e+000 -6.7788713e+000 -6.4727506e+000 -5.8845137e+000 -6.5946793e+000 -6.4971226e+000 -5.0835881e+000 -2.3138203e+000 -8.9824030e+000 -3.0525888e+000 -1.4094165e+000 -4.6627398e+000 -5.7078793e+000 -7.5212019e+000 -6.4867470e+000 -3.2293211e+000 -4.9849156e+000 -7.0197027e+000 -4.4949485e+000 -8.1753784e+000 -8.7323527e+000 -8.3061805e+000 -5.3059142e+000 -8.1315189e+000 -7.0858248e+000 -4.9510690e+000 -7.7097495e+000 -9.2185917e+000 -7.2089302e+000 -9.6326204e+000 -6.4713003e+000 -4.7176187e+000 -2.6161733e+000 -3.4127544e+000 -7.4754663e+000 -9.4195709e+000 -8.3066645e+000 -3.6270295e+000 -8.6694627e+000 -8.4216853e+000 -7.5594268e+000 -4.5327793e+000 -7.2220029e+000 -8.4464582e+000 -8.3074409e+000 -1.0165913e+001 -8.5825266e+000 -1.1050621e+001 -8.4085631e+000 -8.4691302e+000 -7.7809853e+000 -9.8445798e+000 -3.2002470e+000 -5.3410310e+000 -6.4731770e+000 -6.4867470e+000 -1.0013601e+001 -2.8346458e+000 -6.9487492e+000 -3.2841332e+000 -5.1384894e+000 -4.8934043e+000 -4.8934043e+000
 -2.5053322e+000 -6.6697779e+000 -7.9211469e+000 -8.7873585e+000 -9.5116492e+000 -6.9509914e+000 -6.1731182e+000 -1.9723890e+000 -3.8677803e+000 -5.6656476e+000 -6.3650251e+000 -3.9420752e+000 -5.8766681e+000 -6.3833469e+000 -1.0000000e-001 -4.8774905e+000 -4.0601535e+000 -5.8454151e+000 -4.7562022e+000 -8.8418128e+000 -9.9633045e+000 -4.4553589e+000 -6.4251873e+000 -2.3052778e+000 -8.1826721e+000 -1.0989335e+001 -7.2246472e+000 -8.2530951e+000 -5.7422643e+000 -6.0646814e+000 -3.0445056e+000 -4.1879451e+000 -7.2716931e+000 -8.5735898e+000 -5.2075267e+000 -7.7556605e+000 -6.0916359e+000 -5.5650263e+000 -2.8794104e+000 -4.1976705e+000 -5.7807922e+000 -4.6287716e+000 -7.1722568e+000 -5.0600141e+000 -2.3584612e+000 -2.3418362e+000 -5.3635741e+000 -5.2469843e+000 -6.2335240e+000 -5.0699685e+000 -7.2906627e+000 -3.6248277e+000 -4.5953068e+000 -6.8112203e+000 -7.8941037e+000 -5.8067533e+000 -4.0754105e+000 -9.5564588e+000 -7.2054952e+000 -7.1137755e+000 -3.9156098e+000 -2.6462421e+000 -5.1708142e+000 -7.7378739e+000 -4.8609433e+000 -2.4285802e+000 -4.2684249e+000 -7.1272659e+000 -6.3646202e+000 -7.5919648e+000 -7.7119478e+000 -5.2533038e+000 -8.4300746e+000 -2.6404896e+000 -9.9631977e+000 -7.0487511e+000 -9.3573714e+000 -1.1271981e+001 -7.7032252e+000 -5.8019086e+000 -1.1346067e+000 -7.2159508e+000 -4.6287716e+000 -9.8088804e+000 -8.2562182e+000 -6.3314875e+000 -7.4335823e+000 -5.1221834e+000 -6.2559693e+000 -6.2559693e+000
 -3.1694544e+000 -6.4727415e+000 -3.9344358e+000 -4.5585462e+000 -6.3647933e+000 -4.0311220e+000 -4.9420974e+000 -3.0944608e+000 -2.6836630e+000 -1.4663492e+000 -3.0062368e+000 -3.6941769e+000 -3.4292252e+000 -4.9481063e+000 -4.8774905e+000 -1.0000000e-001 -1.4044049e+000 -6.2822045e+000 -1.6531266e-001 -6.2894769e+000 -6.2494286e+000 -6.0290484e+000 -2.0227118e+000 -3.8946781e+000 -8.5440988e+000 -6.3666560e+000 -5.0497172e+000 -5.7166832e+000 -3.6613222e+000 -1.6857749e+000 -5.8524454e+000 -2.5063422e+000 -2.5742026e+000 -5.5511318e+000 -5.5236783e+000 -6.0987522e+000 -3.3301093e+000 -4.4401448e+000 -2.0676983e+000 -6.3140954e+000 -4.3109434e+000 -1.9600580e+000 -4.3171538e+000 -7.0181179e+000 -6.5137554e+000 -4.1653649e+000 -3.5540803e+000 -4.2487959e+000 -4.7765984e+000 -2.8061328e+000 -3.3690079e+000 -2.8853029e+000 -5.5124049e+000 -5.9259955e+000 -4.4130773e+000 -4.7261358e+000 -6.7737007e+000 -4.7754504e+000 -4.5006026e+000 -5.7113849e+000 -2.2180570e+000 -5.3786185e+000 -4.9848967e+000 -6.9524493e+000 -4.6939919e+000 -6.3660054e+000 -5.1203565e+000 -3.3374559e+000 -3.0067541e+000 -7.2474887e+000 -6.9439611e+000 -5.1034043e+000 -5.9390778e+000 -6.3021692e+000 -8.9410060e+000 -3.8606389e+000 -4.8875171e+000 -6.6182762e+000 -7.6561296e+000 -5.4712994e+000 -4.5887386e+000 -4.5713636e+000 -1.9600580e+000 -9.2799416e+000 -5.8364713e+000 -3.0264957e+000 -3.6190557e+000 -7.0259487e+000 -3.0422069e+000 -3.0422069e+000
 -2.3918845e+000 -5.2346762e+000 -4.7735562e+000 -4.7811811e+000 -6.2294857e+000 -3.4248255e+000 -4.3359047e+000 -2.3809301e+000 -2.8932844e+000 -2.7863100e+000 -2.5526623e+000 -4.1320543e+000 -3.8101817e+000 -4.4985674e+000 -4.0601535e+000 -1.4044049e+000 -1.0000000e-001 -4.9426892e+000 -1.2398762e+000 -5.8136331e+000 -6.2548631e+000 -4.7327985e+000 -2.8122162e+000 -3.2302704e+000 -7.4909025e+000 -6.9309211e+000 -4.4774467e+000 -5.0383366e+000 -2.9992086e+000 -2.8479110e+000 -4.5226388e+000 -2.1134395e+000 -3.9097201e+000 -6.3680035e+000 -4.5442212e+000 -5.5112839e+000 -3.7847700e+000 -4.1446485e+000 -1.3575899e+000 -4.9286826e+000 -3.6240219e+000 -2.8351429e+000 -4.8260853e+000 -5.7276521e+000 -5.3450094e+000 -3.5876494e+000 -4.3322941e+000 -4.8588841e+000 -4.2551207e+000 -3.6494039e+000 -4.3716787e+000 -2.8003045e+000 -4.1254148e+000 -4.9278937e+000 -5.5031282e+000 -3.7949422e+000 -5.9979299e+000 -5.7407336e+000 -3.8274980e+000 -4.8787204e+000 -1.9976414e+000 -4.3002348e+000 -5.3110228e+000 -5.9385374e+000 -4.6599170e+000 -5.6106401e+000 -4.3651343e+000 -3.7600719e+000 -2.5526456e+000 -6.0499998e+000 -5.9467159e+000 -4.3155343e+000 -6.0444434e+000 -5.4372315e+000 -8.1824790e+000 -4.2545187e+000 -5.6235821e+000 -7.2263968e+000 -6.7046913e+000 -5.3955160e+000 -3.6251717e+000 -5.6589454e+000 -2.8351429e+000 -8.2429939e+000 -5.3847880e+000 -3.0235864e+000 -4.0899380e+000 -5.7092507e+000 -2.5099116e+000 -2.5099116e+000
 -5.4470310e+000 -2.1638010e+000 -8.3067892e+000 -6.7889634e+000 -7.4045892e+000 -4.2750398e+000 -5.7811716e+000 -5.5901703e+000 -7.1908422e+000 -7.6920876e+000 -4.6103386e+000 -8.2921500e+000 -7.1475203e+000 -5.3016245e+000 -5.8454151e+000 -6.2822045e+000 -4.9426892e+000 -1.0000000e-001 -6.1275384e+000 -6.0244035e+000 -7.0375428e+000 -2.3570139e+000 -7.0482821e+000 -5.9845610e+000 -5.6398856e+000 -9.2282651e+000 -4.4508642e+000 -4.2933931e+000 -4.9189281e+000 -7.5584081e+000 -3.2057766e+000 -5.8152239e+000 -8.5125079e+000 -9.8370257e+000 -3.7007950e+000 -6.0451903e+000 -7.1909372e+000 -5.8983695e+000 -5.3204355e+000 -2.1940827e+000 -5.1865272e+000 -7.6739621e+000 -7.9159646e+000 -2.7653390e+000 -4.8677758e+000 -5.9085245e+000 -8.9675325e+000 -9.2808445e+000 -5.9720539e+000 -8.1299506e+000 -8.8052970e+000 -6.7564131e+000 -1.2526809e+000 -3.9922220e+000 -1.0103605e+001 -4.2799062e+000 -7.0927996e+000 -9.2145666e+000 -3.9499091e+000 -3.5723714e+000 -5.6768473e+000 -4.9719255e+000 -9.2653946e+000 -4.1708767e+000 -7.2923424e+000 -7.0182409e+000 -5.9833788e+000 -7.2906899e+000 -4.6092166e+000 -2.5495445e+000 -4.3414347e+000 -5.5184085e+000 -8.5866198e+000 -6.4917909e+000 -7.0664574e+000 -7.8312407e+000 -8.9742809e+000 -9.5589031e+000 -5.6297808e+000 -7.4849110e+000 -5.0358626e+000 -1.0114177e+001 -7.6739621e+000 -5.4253608e+000 -5.1584567e+000 -6.2002063e+000 -7.0332252e+000 -2.4913943e+000 -4.5215209e+000 -4.5215209e+000
 -3.0461387e+000 -6.3297119e+000 -4.0228329e+000 -4.5779266e+000 -6.3440753e+000 -3.9515319e+000 -4.8567086e+000 -2.9743983e+000 -2.6595027e+000 -1.6103603e+000 -2.9351235e+000 -3.7067278e+000 -3.4456113e+000 -4.8804367e+000 -4.7562022e+000 -1.6531266e-001 -1.2398762e+000 -6.1275384e+000 -1.0000000e-001 -6.2299491e+000 -6.2478211e+000 -5.8738023e+000 -2.0906481e+000 -3.7857376e+000 -8.4185307e+000 -6.4337311e+000 -4.9746713e+000 -5.6357395e+000 -3.5673577e+000 -1.8066065e+000 -5.6904600e+000 -2.4179932e+000 -2.7323182e+000 -5.6358365e+000 -5.3999575e+000 -6.0222884e+000 -3.3566285e+000 -4.3831461e+000 -1.9357932e+000 -6.1497241e+000 -4.2157123e+000 -2.0200170e+000 -4.3585893e+000 -6.8635697e+000 -6.3641099e+000 -4.0667357e+000 -3.6152940e+000 -4.2895430e+000 -4.6997068e+000 -2.8725741e+000 -3.4742737e+000 -2.8294493e+000 -5.3506524e+000 -5.8063097e+000 -4.5305997e+000 -4.6091120e+000 -6.6637817e+000 -4.8887802e+000 -4.4162353e+000 -5.6097897e+000 -2.1405930e+000 -5.2373240e+000 -4.9927628e+000 -6.8332361e+000 -4.6613160e+000 -6.2547362e+000 -5.0125282e+000 -3.3672917e+000 -2.9355889e+000 -7.1100186e+000 -6.8261792e+000 -4.9964394e+000 -5.9384792e+000 -6.1807536e+000 -8.8507302e+000 -3.8863540e+000 -4.9696736e+000 -6.6911802e+000 -7.5406153e+000 -5.4392876e+000 -4.4543025e+000 -4.6842447e+000 -2.0200170e+000 -9.1607662e+000 -5.7779891e+000 -2.9999409e+000 -3.6585007e+000 -6.8692036e+000 -2.9628641e+000 -2.9628641e+000
 -6.6794267e+000 -4.2997716e+000 -8.4751810e+000 -4.8206164e+000 -1.5900564e+000 -3.2250350e+000 -3.5881281e+000 -7.3000199e+000 -7.1741864e+000 -6.9273804e+000 -4.1288100e+000 -9.7402794e+000 -8.8804249e+000 -8.4342456e+000 -8.8418128e+000 -6.2894769e+000 -5.8136331e+000 -6.0244035e+000 -6.2299491e+000 -1.0000000e-001 -6.2249500e+000 -7.8484257e+000 -5.1178068e+000 -7.2518259e+000 -4.9864759e+000 -6.0513338e+000 -6.7592497e+000 -3.0432447e+000 -3.2451241e+000 -6.1753559e+000 -7.7303443e+000 -5.4370943e+000 -6.9869468e+000 -1.0790798e+001 -8.3394064e+000 -2.2000087e+000 -8.7048220e+000 -8.9494822e+000 -7.0215102e+000 -7.4346282e+000 -3.4181523e+000 -7.5500030e+000 -9.3580959e+000 -8.6018820e+000 -8.9615187e+000 -9.1411921e+000 -8.2896486e+000 -8.7833947e+000 -3.5786326e+000 -9.0933618e+000 -6.2888232e+000 -6.8216245e+000 -6.3313204e+000 -2.8351894e+000 -7.6333712e+000 -3.2224461e+000 -8.2609301e+000 -7.3703462e+000 -3.8293228e+000 -6.8696481e+000 -7.6565762e+000 -7.2121780e+000 -8.7332314e+000 -2.9551099e+000 -1.0240480e+001 -9.2724634e+000 -6.0681699e+000 -4.1780264e+000 -4.1285400e+000 -4.4180766e+000 -2.9317376e+000 -4.6915505e+000 -4.3515636e+000 -8.6892187e+000 -3.5859059e+000 -4.7268286e+000 -4.9586227e+000 -6.6000933e+000 -4.2114203e+000 -1.0699145e+001 -8.5215472e+000 -1.0637815e+001 -7.5500030e+000 -4.4278544e+000 -7.0571740e+000 -3.6910160e+000 -7.5332319e+000 -8.3715173e+000 -3.7843525e+000 -3.7843525e+000
 -8.5477347e+000 -7.1667431e+000 -4.9455694e+000 -2.2991526e+000 -6.4692913e+000 -4.0826687e+000 -8.2009654e+000 -8.5981372e+000 -8.7881736e+000 -7.0526742e+000 -4.0555228e+000 -9.4239162e+000 -6.2398218e+000 -5.2834018e+000 -9.9633045e+000 -6.2494286e+000 -6.2548631e+000 -7.0375428e+000 -6.2478211e+000 -6.2249500e+000 -1.0000000e-001 -7.8903885e+000 -6.0631878e+000 -9.3974135e+000 -1.0200713e+001 -3.5050376e+000 -3.5528361e+000 -3.9545310e+000 -6.6601011e+000 -6.7411043e+000 -9.1011303e+000 -7.7083719e+000 -6.2932140e+000 -6.9839272e+000 -6.7191540e+000 -7.9053631e+000 -5.9670316e+000 -6.2617761e+000 -7.3906428e+000 -8.6549874e+000 -7.5076405e+000 -8.1363254e+000 -5.8249598e+000 -8.5973423e+000 -1.0560603e+001 -8.7177051e+000 -9.5879820e+000 -1.0365988e+001 -8.1085986e+000 -7.9525821e+000 -7.6847123e+000 -8.7904443e+000 -7.3606906e+000 -7.3701141e+000 -8.9898730e+000 -7.2769648e+000 -1.1778457e+001 -4.3423890e+000 -3.5876393e+000 -4.4051672e+000 -6.6617582e+000 -9.9130855e+000 -1.1040597e+001 -7.6475425e+000 -8.1815493e+000 -1.1684164e+001 -9.7703470e+000 -6.5481050e+000 -4.0558658e+000 -7.1695670e+000 -7.7984075e+000 -8.9374845e+000 -8.9495123e+000 -1.1373980e+001 -9.5678250e+000 -7.7341368e+000 -6.0231429e+000 -3.5154486e+000 -9.6229438e+000 -8.0063303e+000 -9.1405544e+000 -8.6207666e+000 -8.1363254e+000 -8.9216179e+000 -2.9481624e+000 -6.3687601e+000 -3.9228008e+000 -8.5535594e+000 -4.4150051e+000 -4.4150051e+000
 -5.0074325e+000 -4.3301551e+000 -7.8812493e+000 -7.6523902e+000 -9.0335034e+000 -5.5246950e+000 -6.8595134e+000 -4.8110238e+000 -6.7822273e+000 -7.4391267e+000 -5.3722950e+000 -7.0124113e+000 -6.1063829e+000 -4.3745375e+000 -4.4553589e+000 -6.0290484e+000 -4.7327985e+000 -2.3570139e+000 -5.8738023e+000 -7.8484257e+000 -7.8903885e+000 -1.0000000e-001 -7.3944422e+000 -5.4553980e+000 -7.3816848e+000 -1.0157502e+001 -4.5931104e+000 -6.0421064e+000 -5.9192728e+000 -7.5794299e+000 -2.1233336e+000 -5.9336915e+000 -8.4757708e+000 -8.8984295e+000 -2.1861248e+000 -7.6254413e+000 -6.2582506e+000 -4.5833370e+000 -4.5343951e+000 -1.5259410e+000 -6.2269415e+000 -7.1567790e+000 -7.0151512e+000 -9.9859463e-001 -3.5630418e+000 -4.1726826e+000 -8.5109449e+000 -8.7488215e+000 -7.0106962e+000 -7.0950229e+000 -9.0554518e+000 -6.4453265e+000 -1.6297755e+000 -5.7740765e+000 -1.0184946e+001 -5.5677659e+000 -6.8915401e+000 -9.4716371e+000 -5.2190324e+000 -3.8164552e+000 -4.6726825e+000 -4.6397777e+000 -8.8406024e+000 -6.2280305e+000 -5.5877514e+000 -6.1223356e+000 -6.2770104e+000 -8.0091172e+000 -5.3713781e+000 -4.8791721e+000 -6.3514459e+000 -6.3241286e+000 -9.6388295e+000 -5.8112357e+000 -9.0843141e+000 -8.4769426e+000 -9.8214614e+000 -1.0411561e+001 -7.2866883e+000 -5.7620031e+000 -3.4609166e+000 -9.0801408e+000 -7.1567790e+000 -7.6955263e+000 -5.4780663e+000 -6.9717742e+000 -6.7721205e+000 -1.0147196e+000 -5.3847157e+000 -5.3847157e+000
 -4.2002032e+000 -6.6278314e+000 -4.7028462e+000 -3.9067246e+000 -4.7791225e+000 -3.7416512e+000 -4.2263052e+000 -4.4733955e+000 -3.3870797e+000 -1.9144576e+000 -3.0156224e+000 -5.3617429e+000 -5.1232696e+000 -6.4330457e+000 -6.4251873e+000 -2.0227118e+000 -2.8122162e+000 -7.0482821e+000 -2.0906481e+000 -5.1178068e+000 -6.0631878e+000 -7.3944422e+000 -1.0000000e-001 -4.8463360e+000 -8.1715899e+000 -5.2294906e+000 -5.9325405e+000 -5.3373353e+000 -3.1072188e+000 -1.0976828e+000 -7.1169056e+000 -2.7427827e+000 -2.1015097e+000 -6.6996459e+000 -7.0833791e+000 -5.0637478e+000 -4.9326900e+000 -6.2023375e+000 -3.8246997e+000 -7.4598160e+000 -3.7385832e+000 -2.9244790e+000 -5.7075870e+000 -8.3905283e+000 -7.8660784e+000 -6.1126553e+000 -3.8470998e+000 -4.6047271e+000 -3.9697191e+000 -4.4534816e+000 -1.9316391e+000 -3.5118030e+000 -6.5092515e+000 -5.5420588e+000 -3.3427742e+000 -4.3941142e+000 -7.2776367e+000 -4.2260884e+000 -4.4723087e+000 -6.6447747e+000 -4.2033760e+000 -6.2302578e+000 -5.2014518e+000 -6.5247944e+000 -6.6757922e+000 -7.4175111e+000 -5.2549052e+000 -1.4657798e+000 -3.0164269e+000 -7.3130447e+000 -6.4805514e+000 -4.8475994e+000 -4.3280279e+000 -7.2378673e+000 -7.9778372e+000 -2.2433037e+000 -2.9748757e+000 -5.5847070e+000 -7.1498979e+000 -7.3871607e+000 -6.2654623e+000 -5.7403862e+000 -2.9244790e+000 -8.8060564e+000 -6.5315545e+000 -1.7360905e+000 -4.4489475e+000 -8.3333454e+000 -2.9122402e+000 -2.9122402e+000
 -8.5214835e-001 -6.0588123e+000 -7.6469557e+000 -7.8050094e+000 -7.7107638e+000 -5.9447824e+000 -4.1982024e+000 -1.2205193e+000 -2.1648510e+000 -4.4360376e+000 -5.4397278e+000 -4.1502075e+000 -6.2090136e+000 -7.0427699e+000 -2.3052778e+000 -3.8946781e+000 -3.2302704e+000 -5.9845610e+000 -3.7857376e+000 -7.2518259e+000 -9.3974135e+000 -5.4553980e+000 -4.8463360e+000 -1.0000000e-001 -6.9666045e+000 -9.7969076e+000 -7.3397026e+000 -7.3632985e+000 -4.0452826e+000 -4.5902792e+000 -3.9418819e+000 -2.2536024e+000 -6.0681681e+000 -8.7767466e+000 -6.2389503e+000 -5.9256831e+000 -6.3099541e+000 -6.3886858e+000 -2.5578043e+000 -4.9161361e+000 -3.9350851e+000 -3.4471815e+000 -7.4434828e+000 -6.2486086e+000 -3.7508217e+000 -3.8091498e+000 -3.8839420e+000 -3.7946560e+000 -4.2097997e+000 -4.9833742e+000 -5.4803323e+000 -1.6641980e+000 -4.8794463e+000 -5.5044964e+000 -6.1081844e+000 -4.2726759e+000 -3.0130343e+000 -8.6193666e+000 -6.4665385e+000 -7.3958609e+000 -4.1099039e+000 -2.0508571e+000 -3.4966679e+000 -6.5547765e+000 -6.0048996e+000 -2.5750294e+000 -2.3203051e+000 -5.2431211e+000 -5.4394647e+000 -7.0284354e+000 -6.4705467e+000 -3.3472952e+000 -6.1968497e+000 -2.4682862e+000 -8.3748172e+000 -4.9524904e+000 -7.6222673e+000 -1.0151558e+001 -6.2454409e+000 -7.0157825e+000 -2.8761750e+000 -7.1383137e+000 -3.4471815e+000 -8.8054604e+000 -8.3259203e+000 -4.5085299e+000 -7.1958224e+000 -6.2073541e+000 -5.2076044e+000 -5.2076044e+000
 -6.8409531e+000 -3.7524058e+000 -1.1747335e+001 -9.0704721e+000 -6.1778046e+000 -6.4202714e+000 -4.2139682e+000 -7.5366314e+000 -8.1713350e+000 -9.3849251e+000 -7.1577881e+000 -1.0831714e+001 -1.1102478e+001 -1.0288402e+001 -8.1826721e+000 -8.5440988e+000 -7.4909025e+000 -5.6398856e+000 -8.4185307e+000 -4.9864759e+000 -1.0200713e+001 -7.3816848e+000 -8.1715899e+000 -6.9666045e+000 -1.0000000e-001 -1.0839598e+001 -9.1155963e+000 -6.2942996e+000 -5.0925056e+000 -8.8825036e+000 -6.4215136e+000 -6.5721649e+000 -1.0250378e+001 -1.3695235e+001 -9.0238499e+000 -3.6861185e+000 -1.1078735e+001 -1.0609918e+001 -8.0339688e+000 -6.1471699e+000 -4.4868092e+000 -9.2679586e+000 -1.1994330e+001 -7.7620848e+000 -7.2078963e+000 -9.5082997e+000 -9.7273826e+000 -9.8153425e+000 -4.5193688e+000 -1.0990543e+001 -9.1778626e+000 -7.5546710e+000 -5.8641800e+000 -2.9693978e+000 -1.0275524e+001 -3.8642833e+000 -6.1249966e+000 -1.1545595e+001 -6.8153030e+000 -8.6322401e+000 -9.2034561e+000 -5.6690145e+000 -9.1867701e+000 -2.5793893e+000 -1.1509180e+001 -7.6261767e+000 -5.0374779e+000 -7.3992804e+000 -7.1569638e+000 -3.9575628e+000 -2.4196520e+000 -4.0728471e+000 -6.5052316e+000 -6.8509246e+000 -2.7937243e+000 -7.3077588e+000 -9.2334487e+000 -1.1362071e+001 -1.1537359e+000 -1.2098808e+001 -8.1351359e+000 -1.3050647e+001 -9.2679586e+000 -3.0127732e+000 -9.7198193e+000 -6.4946626e+000 -1.0706655e+001 -7.4500741e+000 -6.7457880e+000 -6.7457880e+000
 -9.0257704e+000 -8.7452771e+000 -5.3704660e+000 -2.5064670e+000 -5.3942298e+000 -5.1325923e+000 -8.0102273e+000 -9.2200362e+000 -8.5700374e+000 -6.4712481e+000 -5.0053643e+000 -9.7175950e+000 -7.3909713e+000 -7.7459757e+000 -1.0989335e+001 -6.3666560e+000 -6.9309211e+000 -9.2282651e+000 -6.4337311e+000 -6.0513338e+000 -3.5050376e+000 -1.0157502e+001 -5.2294906e+000 -9.7969076e+000 -1.0839598e+001 -1.0000000e-001 -6.3858228e+000 -5.4726849e+000 -6.7602117e+000 -5.9322222e+000 -1.0792587e+001 -7.6863104e+000 -5.1522458e+000 -7.5768882e+000 -9.2239528e+000 -7.6432583e+000 -7.0534507e+000 -8.2543002e+000 -8.1690233e+000 -1.0620053e+001 -7.5167529e+000 -7.8023814e+000 -7.0091607e+000 -1.1025531e+001 -1.2028818e+001 -1.0032597e+001 -8.8100396e+000 -9.6404513e+000 -7.8053077e+000 -8.1676263e+000 -6.1167089e+000 -8.6830886e+000 -9.3320829e+000 -8.0691043e+000 -7.1973961e+000 -7.7153190e+000 -1.2126809e+001 -2.8894938e+000 -5.2845314e+000 -7.3456909e+000 -7.7369254e+000 -1.0750132e+001 -1.0358568e+001 -8.4981492e+000 -9.6168083e+000 -1.2336638e+001 -9.9217704e+000 -5.3545441e+000 -5.0062489e+000 -8.8965057e+000 -8.5568080e+000 -9.0318961e+000 -7.4868099e+000 -1.2061529e+001 -9.5927801e+000 -6.4457936e+000 -3.6023127e+000 -5.7301338e-001 -9.9985476e+000 -9.7500699e+000 -1.0457387e+001 -8.4505289e+000 -7.8023814e+000 -9.9783763e+000 -6.1357127e+000 -5.7928899e+000 -5.0694877e+000 -1.0958031e+001 -5.1983034e+000 -5.1983034e+000
 -6.5274745e+000 -5.5347641e+000 -4.7312372e+000 -4.0904269e+000 -7.5391465e+000 -3.6569979e+000 -7.4376399e+000 -6.3781991e+000 -7.3492640e+000 -6.3460194e+000 -3.3170879e+000 -7.4591345e+000 -4.3637673e+000 -2.1827932e+000 -7.2246472e+000 -5.0497172e+000 -4.4774467e+000 -4.4508642e+000 -4.9746713e+000 -6.7592497e+000 -3.5528361e+000 -4.5931104e+000 -5.9325405e+000 -7.3397026e+000 -9.1155963e+000 -6.3858228e+000 -1.0000000e-001 -4.0273970e+000 -5.8467618e+000 -6.3384586e+000 -6.1204282e+000 -6.3866474e+000 -6.4186812e+000 -6.2678207e+000 -3.1819495e+000 -7.6943408e+000 -4.2681529e+000 -3.3958056e+000 -5.1891773e+000 -5.6606946e+000 -6.6368462e+000 -6.9201977e+000 -4.4627530e+000 -5.2540624e+000 -7.5696403e+000 -5.8375005e+000 -8.5745884e+000 -9.1991842e+000 -7.4332810e+000 -6.3951600e+000 -7.8131452e+000 -7.2706666e+000 -4.5412525e+000 -6.4229539e+000 -9.1067989e+000 -6.1969361e+000 -9.7237730e+000 -5.9230572e+000 -2.9300893e+000 -1.2034389e+000 -4.3474393e+000 -7.5662691e+000 -9.7751348e+000 -6.8511514e+000 -5.5431334e+000 -9.2143891e+000 -8.1550142e+000 -6.7557530e+000 -3.3167445e+000 -5.7612967e+000 -7.0196948e+000 -7.6757313e+000 -9.2183654e+000 -8.9545008e+000 -9.5024539e+000 -7.7464277e+000 -7.4540075e+000 -6.4912299e+000 -8.6907026e+000 -5.3128253e+000 -6.2238280e+000 -7.6456447e+000 -6.9201977e+000 -8.3729035e+000 -1.0324772e+000 -6.1110289e+000 -3.3484929e+000 -5.2752936e+000 -3.6927430e+000 -3.6927430e+000
