1 1 -0.1
1 2 -5.5603
1 3 -6.9204
1 4 -6.984
1 5 -7.1588
1 6 -5.1523
1 7 -3.9089
1 8 -0.82247
1 9 -2.0127
1 10 -3.8967
1 11 -4.6061
1 12 -4.016
1 13 -5.56
1 14 -6.3163
1 15 -2.5053
1 16 -3.1695
1 17 -2.3919
1 18 -5.447
1 19 -3.0461
1 20 -6.6794
1 21 -8.5477
1 22 -5.0074
1 23 -4.2002
1 24 -0.85215
1 25 -6.841
1 26 -9.0258
1 27 -6.5275
1 28 -6.6084
1 29 -3.4529
1 30 -4.0197
1 31 -3.7581
1 32 -1.6984
1 33 -5.4694
1 34 -8.168
1 35 -5.634
1 36 -5.5578
1 37 -5.6384
1 38 -5.735
1 39 -1.8641
1 40 -4.6108
1 41 -3.5024
1 42 -3.0872
1 43 -6.7643
1 44 -5.8738
1 45 -3.9161
1 46 -3.5178
1 47 -3.8575
1 48 -3.9575
1 49 -3.9037
1 50 -4.5571
1 51 -5.0724
1 52 -1.5279
1 53 -4.3739
1 54 -5.0554
1 55 -5.8603
1 56 -3.7991
1 57 -3.7006
1 58 -7.88
1 59 -5.6583
1 60 -6.6293
1 61 -3.4403
1 62 -2.3347
1 63 -3.8817
1 64 -6.1237
1 65 -5.5668
1 66 -3.3194
1 67 -2.5529
1 68 -4.6911
1 69 -4.6059
1 70 -6.5181
1 71 -6.0607
1 72 -3.2397
1 73 -5.9669
1 74 -3.1524
1 75 -8.0969
1 76 -4.5724
1 77 -7.0249
1 78 -9.3738
1 79 -6.092
1 80 -6.5277
1 81 -2.7374
1 82 -6.7423
1 83 -3.0872
1 84 -8.4236
1 85 -7.5036
1 86 -3.901
1 87 -6.4031
1 88 -5.8312
1 89 -4.3913
1 90 -4.3913
2 1 -5.5603
2 2 -0.1
2 3 -8.9409
2 4 -6.533
2 5 -5.7964
2 6 -3.7509
2 7 -4.3983
2 8 -5.9929
2 9 -7.1322
2 10 -7.7062
2 11 -4.4725
2 12 -9.0146
2 13 -8.208
2 14 -6.8099
2 15 -6.6698
2 16 -6.4727
2 17 -5.2347
2 18 -2.1638
2 19 -6.3297
2 20 -4.2998
2 21 -7.1667
2 22 -4.3302
2 23 -6.6278
2 24 -6.0588
2 25 -3.7524
2 26 -8.7453
2 27 -5.5348
2 28 -3.5203
2 29 -3.8989
2 30 -7.3457
2 31 -4.3573
2 32 -5.4501
2 33 -8.4354
2 34 -10.804
2 35 -5.6125
2 36 -4.2153
2 37 -8.1858
2 38 -7.3778
2 39 -5.9131
2 40 -3.6503
2 41 -3.9653
2 42 -7.794
2 43 -8.9649
2 44 -4.8105
2 45 -5.824
2 46 -7.1562
2 47 -8.8582
2 48 -9.1686
2 49 -4.6279
2 50 -8.8208
2 51 -8.2422
2 52 -6.6212
2 53 -2.7826
2 54 -2.09
2 55 -9.5772
2 56 -2.9281
2 57 -6.7348
2 58 -9.2068
2 59 -3.7464
2 60 -4.9224
2 61 -6.5961
2 62 -5.0202
2 63 -8.9928
2 64 -2.0217
2 65 -8.7045
2 66 -7.2909
2 67 -5.2698
2 68 -6.4284
2 69 -4.4714
2 70 -0.97128
2 71 -2.2028
2 72 -4.3805
2 73 -7.1309
2 74 -6.634
2 75 -4.9052
2 76 -6.872
2 77 -8.1053
2 78 -9.1715
2 79 -3.6972
2 80 -9.0523
2 81 -6.1264
2 82 -10.815
2 83 -7.794
2 84 -3.48
2 85 -6.1291
2 86 -5.3488
2 87 -7.7095
2 88 -4.5141
2 89 -4.2101
2 90 -4.2101
3 1 -6.9204
3 2 -8.9409
3 3 -0.1
3 4 -4.2918
3 5 -8.3874
3 6 -5.7336
3 7 -8.4598
3 8 -6.6147
3 9 -6.3947
3 10 -4.1741
3 11 -4.7154
3 12 -5.6493
3 13 -2.5311
3 14 -4.3241
3 15 -7.9211
3 16 -3.9344
3 17 -4.7736
3 18 -8.3068
3 19 -4.0228
3 20 -8.4752
3 21 -4.9456
3 22 -7.8812
3 23 -4.7028
3 24 -7.647
3 25 -11.747
3 26 -5.3705
3 27 -4.7312
3 28 -6.9531
3 29 -6.9326
3 30 -4.4764
3 31 -8.6166
3 32 -6.4112
3 33 -3.4551
3 34 -2.4016
3 35 -6.2961
3 36 -9.1445
3 37 -2.1881
3 38 -4.071
3 39 -5.272
3 40 -8.7873
3 41 -7.7613
3 42 -5.1235
3 43 -1.8491
3 44 -8.7381
3 45 -9.4804
3 46 -6.1633
3 47 -6.5597
3 48 -7.3454
3 49 -8.2839
3 50 -3.8634
3 51 -5.7593
3 52 -6.7352
3 53 -7.8424
3 54 -8.8474
3 55 -6.5431
3 56 -7.9767
3 57 -10.612
3 58 -2.8854
3 59 -5.7103
3 60 -5.8675
3 61 -4.045
3 62 -8.985
3 63 -8.4159
3 64 -9.6527
3 65 -4.8064
3 66 -9.8995
3 67 -9.0113
3 68 -6.0368
3 69 -4.7163
3 70 -9.4503
3 71 -9.7193
3 72 -8.8386
3 73 -8.9807
3 74 -9.921
3 75 -11.759
3 76 -6.9246
3 77 -5.9856
3 78 -5.2618
3 79 -10.941
3 80 -4.8737
3 81 -7.3136
3 82 -3.7906
3 83 -5.1235
3 84 -11.686
3 85 -4.9728
3 86 -6.1149
3 87 -1.4065
3 88 -8.8321
3 89 -5.0931
3 90 -5.0931
4 1 -6.984
4 2 -6.533
4 3 -4.2918
4 4 -0.1
4 5 -4.7542
4 6 -2.8428
4 7 -6.3843
4 8 -7.1445
4 9 -6.9348
4 10 -5.1594
4 11 -2.6184
4 12 -8.0616
4 13 -5.6371
4 14 -5.5667
4 15 -8.7874
4 16 -4.5585
4 17 -4.7812
4 18 -6.789
4 19 -4.5779
4 20 -4.8206
4 21 -2.2992
4 22 -7.6524
4 23 -3.9067
4 24 -7.805
4 25 -9.0705
4 26 -2.5065
4 27 -4.0904
4 28 -3.4697
4 29 -4.8907
4 30 -4.6912
4 31 -8.3539
4 32 -5.8607
4 33 -4.3721
4 34 -6.665
4 35 -6.7993
4 36 -6.2402
4 37 -5.3432
4 38 -6.1451
4 39 -6.0514
4 40 -8.1434
4 41 -5.741
4 42 -6.3242
4 43 -5.5296
4 44 -8.5207
4 45 -9.6551
4 46 -7.844
4 47 -7.6133
4 48 -8.4003
4 49 -6.234
4 50 -6.6566
4 51 -5.4552
4 52 -6.956
4 53 -6.8554
4 54 -6.1479
4 55 -6.7926
4 56 -5.7629
4 57 -10.181
4 58 -3.103
4 59 -2.9007
4 60 -4.9948
4 61 -5.639
4 62 -8.5689
4 63 -9.04
4 64 -6.6585
4 65 -7.6755
4 66 -10.258
4 67 -8.0569
4 68 -4.298
4 69 -2.6191
4 70 -6.768
4 71 -6.7444
4 72 -7.2245
4 73 -6.7871
4 74 -9.9574
4 75 -8.3588
4 76 -5.4899
4 77 -3.8205
4 78 -2.8013
4 79 -8.2974
4 80 -7.8298
4 81 -8.1609
4 82 -7.4824
4 83 -6.3242
4 84 -8.3452
4 85 -4.062
4 86 -4.2721
4 87 -3.4445
4 88 -8.4532
4 89 -2.8906
4 90 -2.8906
5 1 -7.1588
5 2 -5.7964
5 3 -8.3874
5 4 -4.7542
5 5 -0.1
5 6 -3.9887
5 7 -4.0207
5 8 -7.7822
5 9 -7.2123
5 10 -6.6805
5 11 -4.6329
5 12 -9.864
5 13 -9.1322
5 14 -9.1274
5 15 -9.5116
5 16 -6.3648
5 17 -6.2295
5 18 -7.4046
5 19 -6.3441
5 20 -1.5901
5 21 -6.4693
5 22 -9.0335
5 23 -4.7791
5 24 -7.7108
5 25 -6.1778
5 26 -5.3942
5 27 -7.5391
5 28 -4.1272
5 29 -3.7776
5 30 -5.8392
5 31 -8.837
5 32 -5.6684
5 33 -6.4868
5 34 -10.738
5 35 -9.3288
5 36 -2.8208
5 37 -8.9192
5 38 -9.535
5 39 -7.4715
5 40 -8.6819
5 41 -3.9662
5 42 -7.4468
5 43 -9.5267
5 44 -9.8576
5 45 -9.9525
5 46 -9.7482
5 47 -7.9992
5 48 -8.5375
5 49 -3.8917
5 50 -9.1107
5 51 -5.5715
5 52 -6.958
5 53 -7.5737
5 54 -4.1669
5 55 -6.8155
5 56 -4.1663
5 57 -8.8471
5 58 -6.8334
5 59 -4.7013
5 60 -7.8646
5 61 -8.0723
5 62 -8.0239
5 63 -8.5573
5 64 -4.4465
5 65 -10.69
5 66 -9.8934
5 67 -6.5834
5 68 -3.6101
5 69 -4.6331
5 70 -5.9855
5 71 -4.3813
5 72 -5.2794
5 73 -3.5672
5 74 -9.3754
5 75 -4.4635
5 76 -4.1165
5 77 -3.8331
5 78 -5.9666
5 79 -5.2686
5 80 -11.201
5 81 -9.2822
5 82 -10.432
5 83 -7.4468
5 84 -5.8748
5 85 -7.7906
5 86 -3.5756
5 87 -7.6565
5 88 -9.6526
5 89 -4.3237
5 90 -4.3237
6 1 -5.1523
6 2 -3.7509
6 3 -5.7336
6 4 -2.8428
6 5 -3.9887
6 6 -0.1
6 7 -4.2473
6 8 -5.4723
6 9 -5.8041
6 10 -5.1122
6 11 -1.1316
6 12 -7.4947
6 13 -5.8738
6 14 -5.224
6 15 -6.951
6 16 -4.0311
6 17 -3.4248
6 18 -4.275
6 19 -3.9515
6 20 -3.225
6 21 -4.0827
6 22 -5.5247
6 23 -3.7417
6 24 -5.9448
6 25 -6.4203
6 26 -5.1326
6 27 -3.657
6 28 -1.6979
6 29 -2.7252
6 30 -4.6306
6 31 -5.9535
6 32 -4.2485
6 33 -5.2454
6 34 -7.9323
6 35 -5.423
6 36 -4.1773
6 37 -5.71
6 38 -5.7837
6 39 -4.7028
6 40 -5.6629
6 41 -3.5235
6 42 -5.7948
6 43 -6.3258
6 44 -6.3875
6 45 -7.3452
6 46 -6.5737
6 47 -7.0758
6 48 -7.6854
6 49 -4.2129
6 50 -6.6292
6 51 -5.5798
6 52 -5.5716
6 53 -4.3704
6 54 -3.4648
6 55 -7.036
6 56 -3.1978
6 57 -7.9072
6 58 -5.4961
6 59 -0.92132
6 60 -3.9592
6 61 -4.8689
6 62 -6.1904
6 63 -7.9816
6 64 -4.046
6 65 -7.2738
6 66 -8.1676
6 67 -5.8346
6 68 -3.8339
6 69 -1.1309
6 70 -4.1298
6 71 -4.1423
6 72 -4.9024
6 73 -5.7948
6 74 -7.7315
6 75 -6.2528
6 76 -4.7922
6 77 -4.8646
6 78 -5.5379
6 79 -5.7336
6 80 -7.5992
6 81 -6.3414
6 82 -8.1896
6 83 -5.7948
6 84 -5.9765
6 85 -4.1217
6 86 -3.0783
6 87 -4.5924
6 88 -6.246
6 89 -0.99032
6 90 -0.99032
7 1 -3.9089
7 2 -4.3983
7 3 -8.4598
7 4 -6.3843
7 5 -4.0207
7 6 -4.2473
7 7 -0.1
7 8 -4.6994
7 9 -4.4688
7 10 -5.4346
7 11 -4.4837
7 12 -7.4986
7 13 -8.1034
7 14 -8.3207
7 15 -6.1731
7 16 -4.9421
7 17 -4.3359
7 18 -5.7812
7 19 -4.8567
7 20 -3.5881
7 21 -8.201
7 22 -6.8595
7 23 -4.2263
7 24 -4.1982
7 25 -4.214
7 26 -8.0102
7 27 -7.4376
7 28 -5.1779
7 29 -1.6605
7 30 -4.8584
7 31 -5.8404
7 32 -2.8501
7 33 -6.2979
7 34 -10.413
7 35 -7.7762
7 36 -1.7946
7 37 -8.0314
7 38 -8.3081
7 39 -5.0521
7 40 -6.0787
7 41 -0.80835
7 42 -5.4246
7 43 -8.9941
7 44 -7.6726
7 45 -6.528
7 46 -7.1661
7 47 -5.7749
7 48 -6.004
7 49 -0.32684
7 50 -7.47
7 51 -4.9887
7 52 -3.9589
7 53 -5.4134
7 54 -2.559
7 55 -6.0665
7 56 -1.5485
7 57 -4.8284
7 58 -8.108
7 59 -5.0541
7 60 -7.4935
7 61 -6.2932
7 62 -4.2726
7 63 -5.6119
7 64 -3.5368
7 65 -8.8845
7 66 -6.0279
7 67 -2.5936
7 68 -3.4106
7 69 -4.4834
7 70 -5.1333
7 71 -3.3587
7 72 -1.281
7 73 -3.0558
7 74 -5.4702
7 75 -4.5004
7 76 -3.1577
7 77 -5.6179
7 78 -8.5187
7 79 -3.1139
7 80 -9.6588
7 81 -6.2496
7 82 -9.3488
7 83 -5.4246
7 84 -5.7601
7 85 -8.1526
7 86 -2.5921
7 87 -7.7386
7 88 -7.4731
7 89 -4.0283
7 90 -4.0283
8 1 -0.82247
8 2 -5.9929
8 3 -6.6147
8 4 -7.1445
8 5 -7.7822
8 6 -5.4723
8 7 -4.6994
8 8 -0.1
8 9 -2.1442
8 10 -3.8597
8 11 -4.8101
8 12 -3.3613
8 13 -5.0279
8 14 -5.9023
8 15 -1.9724
8 16 -3.0945
8 17 -2.3809
8 18 -5.5902
8 19 -2.9744
8 20 -7.3
8 21 -8.5981
8 22 -4.811
8 23 -4.4734
8 24 -1.2205
8 25 -7.5366
8 26 -9.22
8 27 -6.3782
8 28 -6.9542
8 29 -4.0952
8 30 -4.1521
8 31 -3.6887
8 32 -2.2986
8 33 -5.4669
8 34 -7.6649
8 35 -5.2527
8 36 -6.3097
8 37 -5.146
8 38 -5.1855
8 39 -1.4066
8 40 -4.6075
8 41 -4.2445
8 42 -2.9482
8 43 -6.2792
8 44 -5.6664
8 45 -3.748
8 46 -2.7394
8 47 -3.8715
8 48 -3.9745
8 49 -4.6869
8 50 -4.0169
8 51 -5.3645
8 52 -1.8722
8 53 -4.4448
8 54 -5.6979
8 55 -6.0884
8 56 -4.4833
8 57 -4.1493
8 58 -7.861
8 59 -5.8888
8 60 -6.5035
8 61 -2.9154
8 62 -2.6972
8 63 -4.067
8 64 -6.7448
8 65 -4.8253
8 66 -3.3278
8 67 -3.3198
8 68 -5.1748
8 69 -4.8098
8 70 -6.9382
8 71 -6.7025
8 72 -4.0506
8 73 -6.6802
8 74 -3.3148
8 75 -8.8439
8 76 -5.1341
8 77 -7.3979
8 78 -9.5276
8 79 -6.8341
8 80 -5.8183
8 81 -2.155
8 82 -6.2357
8 83 -2.9482
8 84 -9.0221
8 85 -7.3757
8 86 -4.4392
8 87 -6.1524
8 88 -5.6711
8 89 -4.6678
8 90 -4.6678
9 1 -2.0127
9 2 -7.1322
9 3 -6.3947
9 4 -6.9348
9 5 -7.2123
9 6 -5.8041
9 7 -4.4688
9 8 -2.1442
9 9 -0.1
9 10 -2.5732
9 11 -5.07
9 12 -3.2756
9 13 -5.4559
9 14 -7.0597
9 15 -3.8678
9 16 -2.6837
9 17 -2.8933
9 18 -7.1908
9 19 -2.6595
9 20 -7.1742
9 21 -8.7882
9 22 -6.7822
9 23 -3.3871
9 24 -2.1649
9 25 -8.1713
9 26 -8.57
9 27 -7.3493
9 28 -7.4354
9 29 -4.0532
9 30 -2.8008
9 31 -5.732
9 32 -1.8274
9 33 -4.2284
9 34 -7.5678
9 35 -6.965
9 36 -6.1244
9 37 -5.4782
9 38 -6.3092
9 39 -2.5544
9 40 -6.5682
9 41 -4.1773
9 42 -1.5027
9 43 -6.5547
9 44 -7.694
9 45 -5.7607
9 46 -4.3736
9 47 -1.8569
9 48 -2.0986
9 49 -4.3208
9 50 -3.7001
9 51 -3.5794
9 52 -0.65054
9 53 -6.1927
9 54 -6.2447
9 55 -4.0525
9 56 -4.8564
9 57 -4.7533
9 58 -7.0976
9 59 -6.4392
9 60 -7.7454
9 61 -3.7664
9 62 -4.1518
9 63 -2.4267
9 64 -7.3629
9 65 -5.8212
9 66 -4.4604
9 67 -3.5556
9 68 -4.0107
9 69 -5.0702
9 70 -8.0525
9 71 -7.274
9 72 -4.169
9 73 -5.4417
9 74 -4.5131
9 75 -8.956
9 76 -3.6901
9 77 -6.1431
9 78 -8.8891
9 79 -7.2481
9 80 -6.8779
9 81 -4.2458
9 82 -5.5943
9 83 -1.5027
9 84 -9.7415
9 85 -8.2424
9 86 -3.6971
9 87 -6.26
9 88 -7.6801
9 89 -4.8962
9 90 -4.8962
10 1 -3.8967
10 2 -7.7062
10 3 -4.1741
10 4 -5.1594
10 5 -6.6805
10 6 -5.1122
10 7 -5.4346
10 8 -3.8597
10 9 -2.5732
10 10 -0.1
10 11 -4.1422
10 12 -3.6401
10 13 -4.1204
10 14 -6.1803
10 15 -5.6656
10 16 -1.4663
10 17 -2.7863
10 18 -7.6921
10 19 -1.6104
10 20 -6.9274
10 21 -7.0527
10 22 -7.4391
10 23 -1.9145
10 24 -4.436
10 25 -9.3849
10 26 -6.4712
10 27 -6.346
10 28 -6.7934
10 29 -4.419
10 30 -0.88405
10 31 -7.0858
10 32 -3.0225
10 33 -1.7023
10 34 -5.6228
10 35 -6.9221
10 36 -6.633
10 37 -3.9938
10 38 -5.5487
10 39 -3.1595
10 40 -7.65
10 41 -4.9557
10 42 -1.3742
10 43 -4.8562
10 44 -8.4221
10 45 -7.5423
10 46 -5.0907
10 47 -2.601
10 48 -3.4277
10 49 -5.2061
10 50 -2.7174
10 51 -2.3378
10 52 -3.0108
10 53 -6.9078
10 54 -6.876
10 55 -3.1011
10 56 -5.5992
10 57 -7.2048
10 58 -4.6205
10 59 -5.6813
10 60 -7.1006
10 61 -3.3489
10 62 -6.2103
10 63 -4.3789
10 64 -7.9301
10 65 -5.4312
10 66 -6.8731
10 67 -5.6064
10 68 -3.2128
10 69 -4.1429
10 70 -8.4863
10 71 -7.8887
10 72 -5.678
10 73 -5.7124
10 74 -6.8959
10 75 -9.5849
10 76 -3.5067
10 77 -4.4932
10 78 -6.7026
10 79 -8.4035
10 80 -6.2799
10 81 -5.6046
10 82 -4.0377
10 83 -1.3742
10 84 -10.283
10 85 -7.0469
10 86 -3.3664
10 87 -4.312
10 88 -8.4343
10 89 -4.1483
10 90 -4.1483
11 1 -4.6061
11 2 -4.4725
11 3 -4.7154
11 4 -2.6184
11 5 -4.6329
11 6 -1.1316
11 7 -4.4837
11 8 -4.8101
11 9 -5.07
11 10 -4.1422
11 11 -0.1
11 12 -6.4877
11 13 -4.8005
11 14 -4.533
11 15 -6.365
11 16 -3.0062
11 17 -2.5527
11 18 -4.6103
11 19 -2.9351
11 20 -4.1288
11 21 -4.0555
11 22 -5.3723
11 23 -3.0156
11 24 -5.4397
11 25 -7.1578
11 26 -5.0054
11 27 -3.3171
11 28 -2.7427
11 29 -2.8307
11 30 -3.764
11 31 -5.7921
11 32 -3.7392
11 33 -4.3088
11 34 -6.8764
11 35 -4.9899
11 36 -4.7996
11 37 -4.6297
11 38 -4.9155
11 39 -3.8608
11 40 -5.6716
11 41 -3.7116
11 42 -4.8663
11 43 -5.2892
11 44 -6.3041
11 45 -7.0745
11 46 -5.7584
11 47 -6.2611
11 48 -6.913
11 49 -4.4033
11 50 -5.5283
11 51 -4.9377
11 52 -4.9321
11 53 -4.4371
11 54 -4.2032
11 55 -6.3577
11 56 -3.594
11 57 -7.7446
11 58 -4.7783
11 59 -1.5399
11 60 -3.8539
11 61 -3.8666
11 62 -5.9956
11 63 -7.3479
11 64 -4.9452
11 65 -6.2911
11 66 -7.7763
11 67 -5.7342
11 68 -3.5152
11 69 -0.0011426
11 70 -4.9813
11 71 -5.0185
11 72 -5.0251
11 73 -5.9102
11 74 -7.4347
11 75 -7.1633
11 76 -4.5075
11 77 -4.6188
11 78 -5.3532
11 79 -6.4111
11 80 -6.659
11 81 -5.7497
11 82 -7.0629
11 83 -4.8663
11 84 -7.0036
11 85 -3.9118
11 86 -2.8356
11 87 -3.6307
11 88 -6.2157
11 89 -0.46352
11 90 -0.46352
12 1 -4.016
12 2 -9.0146
12 3 -5.6493
12 4 -8.0616
12 5 -9.864
12 6 -7.4947
12 7 -7.4986
12 8 -3.3613
12 9 -3.2756
12 10 -3.6401
12 11 -6.4877
12 12 -0.1
12 13 -3.9663
12 14 -6.249
12 15 -3.9421
12 16 -3.6942
12 17 -4.1321
12 18 -8.2921
12 19 -3.7067
12 20 -9.7403
12 21 -9.4239
12 22 -7.0124
12 23 -5.3617
12 24 -4.1502
12 25 -10.832
12 26 -9.7176
12 27 -7.4591
12 28 -9.1206
12 29 -6.6892
12 30 -4.4587
12 31 -6.4556
12 32 -4.6621
12 33 -4.9968
12 34 -5.7367
12 35 -6.4995
12 36 -9.0661
12 37 -4.1421
12 38 -5.0128
12 39 -3.1136
12 40 -7.3542
12 41 -7.0361
12 42 -2.6498
12 43 -5.0831
12 44 -7.8061
12 45 -6.2522
12 46 -3.0669
12 47 -3.4223
12 48 -3.5946
12 49 -7.3813
12 50 -1.8204
12 51 -5.6752
12 52 -3.7232
12 53 -7.1733
12 54 -8.7391
12 55 -5.8426
12 56 -7.4617
12 57 -6.8485
12 58 -7.4808
12 59 -7.8215
12 60 -7.9518
12 61 -3.1355
12 62 -5.9016
12 63 -4.4782
12 64 -9.8059
12 65 -3.5057
12 66 -5.519
12 67 -6.3438
12 68 -6.552
12 69 -6.488
12 70 -9.8987
12 71 -9.7781
12 72 -7.1047
12 73 -8.5733
12 74 -5.9146
12 75 -11.852
12 76 -6.5704
12 77 -8.131
12 78 -9.8659
12 79 -10.049
12 80 -4.6471
12 81 -4.1007
12 82 -3.5171
12 83 -2.6498
12 84 -12.132
12 85 -8.3385
12 86 -6.3149
12 87 -5.8865
12 88 -7.9332
12 89 -6.5373
12 90 -6.5373
13 1 -5.56
13 2 -8.208
13 3 -2.5311
13 4 -5.6371
13 5 -9.1322
13 6 -5.8738
13 7 -8.1034
13 8 -5.0279
13 9 -5.4559
13 10 -4.1204
13 11 -4.8005
13 12 -3.9663
13 13 -0.1
13 14 -2.9981
13 15 -5.8767
13 16 -3.4292
13 17 -3.8102
13 18 -7.1475
13 19 -3.4456
13 20 -8.8804
13 21 -6.2398
13 22 -6.1064
13 23 -5.1233
13 24 -6.209
13 25 -11.102
13 26 -7.391
13 27 -4.3638
13 28 -7.2124
13 29 -6.6513
13 30 -4.7019
13 31 -6.7758
13 32 -5.6851
13 33 -4.4389
13 34 -2.9023
13 35 -4.5226
13 36 -9.1149
13 37 -0.3542
13 38 -2.028
13 39 -3.7102
13 40 -7.0942
13 41 -7.3787
13 42 -4.4126
13 43 -1.3022
13 44 -6.9073
13 45 -7.4447
13 46 -3.8286
13 47 -6.0052
13 48 -6.6128
13 49 -7.9927
13 50 -2.5871
13 51 -6.3288
13 52 -5.7432
13 53 -6.429
13 54 -8.4239
13 55 -7.0872
13 56 -7.4824
13 57 -9.1735
13 58 -5.1857
13 59 -5.8017
13 60 -5.1751
13 61 -2.1756
13 62 -7.4216
13 63 -7.574
13 64 -9.2917
13 65 -2.3073
13 66 -8.0919
13 67 -7.9793
13 68 -6.5399
13 69 -4.8009
13 70 -8.8416
13 71 -9.3587
13 72 -8.1135
13 73 -9.319
13 74 -8.1971
13 75 -11.715
13 76 -7.2255
13 77 -7.3731
13 78 -7.3971
13 79 -10.405
13 80 -2.5552
13 81 -5.1964
13 82 -3.4783
13 83 -4.4126
13 84 -11.393
13 85 -5.0021
13 86 -6.2597
13 87 -2.4756
13 88 -7.0596
13 89 -5.1188
13 90 -5.1188
14 1 -6.3163
14 2 -6.8099
14 3 -4.3241
14 4 -5.5667
14 5 -9.1274
14 6 -5.224
14 7 -8.3207
14 8 -5.9023
14 9 -7.0597
14 10 -6.1803
14 11 -4.533
14 12 -6.249
14 13 -2.9981
14 14 -0.1
14 15 -6.3833
14 16 -4.9481
14 17 -4.4986
14 18 -5.3016
14 19 -4.8804
14 20 -8.4342
14 21 -5.2834
14 22 -4.3745
14 23 -6.433
14 24 -7.0428
14 25 -10.288
14 26 -7.746
14 27 -2.1828
14 28 -5.9917
14 29 -6.7789
14 30 -6.4728
14 31 -5.8845
14 32 -6.5947
14 33 -6.4971
14 34 -5.0836
14 35 -2.3138
14 36 -8.9824
14 37 -3.0526
14 38 -1.4094
14 39 -4.6627
14 40 -5.7079
14 41 -7.5212
14 42 -6.4867
14 43 -3.2293
14 44 -4.9849
14 45 -7.0197
14 46 -4.4949
14 47 -8.1754
14 48 -8.7324
14 49 -8.3062
14 50 -5.3059
14 51 -8.1315
14 52 -7.0858
14 53 -4.9511
14 54 -7.7097
14 55 -9.2186
14 56 -7.2089
14 57 -9.6326
14 58 -6.4713
14 59 -4.7176
14 60 -2.6162
14 61 -3.4128
14 62 -7.4755
14 63 -9.4196
14 64 -8.3067
14 65 -3.627
14 66 -8.6695
14 67 -8.4217
14 68 -7.5594
14 69 -4.5328
14 70 -7.222
14 71 -8.4465
14 72 -8.3074
14 73 -10.166
14 74 -8.5825
14 75 -11.051
14 76 -8.4086
14 77 -8.4691
14 78 -7.781
14 79 -9.8446
14 80 -3.2002
14 81 -5.341
14 82 -6.4732
14 83 -6.4867
14 84 -10.014
14 85 -2.8346
14 86 -6.9487
14 87 -3.2841
14 88 -5.1385
14 89 -4.8934
14 90 -4.8934
15 1 -2.5053
15 2 -6.6698
15 3 -7.9211
15 4 -8.7874
15 5 -9.5116
15 6 -6.951
15 7 -6.1731
15 8 -1.9724
15 9 -3.8678
15 10 -5.6656
15 11 -6.365
15 12 -3.9421
15 13 -5.8767
15 14 -6.3833
15 15 -0.1
15 16 -4.8775
15 17 -4.0602
15 18 -5.8454
15 19 -4.7562
15 20 -8.8418
15 21 -9.9633
15 22 -4.4554
15 23 -6.4252
15 24 -2.3053
15 25 -8.1827
15 26 -10.989
15 27 -7.2246
15 28 -8.2531
15 29 -5.7423
15 30 -6.0647
15 31 -3.0445
15 32 -4.1879
15 33 -7.2717
15 34 -8.5736
15 35 -5.2075
15 36 -7.7557
15 37 -6.0916
15 38 -5.565
15 39 -2.8794
15 40 -4.1977
15 41 -5.7808
15 42 -4.6288
15 43 -7.1723
15 44 -5.06
15 45 -2.3585
15 46 -2.3418
15 47 -5.3636
15 48 -5.247
15 49 -6.2335
15 50 -5.07
15 51 -7.2907
15 52 -3.6248
15 53 -4.5953
15 54 -6.8112
15 55 -7.8941
15 56 -5.8068
15 57 -4.0754
15 58 -9.5565
15 59 -7.2055
15 60 -7.1138
15 61 -3.9156
15 62 -2.6462
15 63 -5.1708
15 64 -7.7379
15 65 -4.8609
15 66 -2.4286
15 67 -4.2684
15 68 -7.1273
15 69 -6.3646
15 70 -7.592
15 71 -7.7119
15 72 -5.2533
15 73 -8.4301
15 74 -2.6405
15 75 -9.9632
15 76 -7.0488
15 77 -9.3574
15 78 -11.272
15 79 -7.7032
15 80 -5.8019
15 81 -1.1346
15 82 -7.216
15 83 -4.6288
15 84 -9.8089
15 85 -8.2562
15 86 -6.3315
15 87 -7.4336
15 88 -5.1222
15 89 -6.256
15 90 -6.256
16 1 -3.1695
16 2 -6.4727
16 3 -3.9344
16 4 -4.5585
16 5 -6.3648
16 6 -4.0311
16 7 -4.9421
16 8 -3.0945
16 9 -2.6837
16 10 -1.4663
16 11 -3.0062
16 12 -3.6942
16 13 -3.4292
16 14 -4.9481
16 15 -4.8775
16 16 -0.1
16 17 -1.4044
16 18 -6.2822
16 19 -0.16531
16 20 -6.2895
16 21 -6.2494
16 22 -6.029
16 23 -2.0227
16 24 -3.8947
16 25 -8.5441
16 26 -6.3667
16 27 -5.0497
16 28 -5.7167
16 29 -3.6613
16 30 -1.6858
16 31 -5.8524
16 32 -2.5063
16 33 -2.5742
16 34 -5.5511
16 35 -5.5237
16 36 -6.0988
16 37 -3.3301
16 38 -4.4401
16 39 -2.0677
16 40 -6.3141
16 41 -4.3109
16 42 -1.9601
16 43 -4.3172
16 44 -7.0181
16 45 -6.5138
16 46 -4.1654
16 47 -3.5541
16 48 -4.2488
16 49 -4.7766
16 50 -2.8061
16 51 -3.369
16 52 -2.8853
16 53 -5.5124
16 54 -5.926
16 55 -4.4131
16 56 -4.7261
16 57 -6.7737
16 58 -4.7755
16 59 -4.5006
16 60 -5.7114
16 61 -2.2181
16 62 -5.3786
16 63 -4.9849
16 64 -6.9524
16 65 -4.694
16 66 -6.366
16 67 -5.1204
16 68 -3.3375
16 69 -3.0068
16 70 -7.2475
16 71 -6.944
16 72 -5.1034
16 73 -5.9391
16 74 -6.3022
16 75 -8.941
16 76 -3.8606
16 77 -4.8875
16 78 -6.6183
16 79 -7.6561
16 80 -5.4713
16 81 -4.5887
16 82 -4.5714
16 83 -1.9601
16 84 -9.2799
16 85 -5.8365
16 86 -3.0265
16 87 -3.6191
16 88 -7.0259
16 89 -3.0422
16 90 -3.0422
17 1 -2.3919
17 2 -5.2347
17 3 -4.7736
17 4 -4.7812
17 5 -6.2295
17 6 -3.4248
17 7 -4.3359
17 8 -2.3809
17 9 -2.8933
17 10 -2.7863
17 11 -2.5527
17 12 -4.1321
17 13 -3.8102
17 14 -4.4986
17 15 -4.0602
17 16 -1.4044
17 17 -0.1
17 18 -4.9427
17 19 -1.2399
17 20 -5.8136
17 21 -6.2549
17 22 -4.7328
17 23 -2.8122
17 24 -3.2303
17 25 -7.4909
17 26 -6.9309
17 27 -4.4774
17 28 -5.0383
17 29 -2.9992
17 30 -2.8479
17 31 -4.5226
17 32 -2.1134
17 33 -3.9097
17 34 -6.368
17 35 -4.5442
17 36 -5.5113
17 37 -3.7848
17 38 -4.1446
17 39 -1.3576
17 40 -4.9287
17 41 -3.624
17 42 -2.8351
17 43 -4.8261
17 44 -5.7277
17 45 -5.345
17 46 -3.5876
17 47 -4.3323
17 48 -4.8589
17 49 -4.2551
17 50 -3.6494
17 51 -4.3717
17 52 -2.8003
17 53 -4.1254
17 54 -4.9279
17 55 -5.5031
17 56 -3.7949
17 57 -5.9979
17 58 -5.7407
17 59 -3.8275
17 60 -4.8787
17 61 -1.9976
17 62 -4.3002
17 63 -5.311
17 64 -5.9385
17 65 -4.6599
17 66 -5.6106
17 67 -4.3651
17 68 -3.7601
17 69 -2.5526
17 70 -6.05
17 71 -5.9467
17 72 -4.3155
17 73 -6.0444
17 74 -5.4372
17 75 -8.1825
17 76 -4.2545
17 77 -5.6236
17 78 -7.2264
17 79 -6.7047
17 80 -5.3955
17 81 -3.6252
17 82 -5.6589
17 83 -2.8351
17 84 -8.243
17 85 -5.3848
17 86 -3.0236
17 87 -4.0899
17 88 -5.7093
17 89 -2.5099
17 90 -2.5099
18 1 -5.447
18 2 -2.1638
18 3 -8.3068
18 4 -6.789
18 5 -7.4046
18 6 -4.275
18 7 -5.7812
18 8 -5.5902
18 9 -7.1908
18 10 -7.6921
18 11 -4.6103
18 12 -8.2921
18 13 -7.1475
18 14 -5.3016
18 15 -5.8454
18 16 -6.2822
18 17 -4.9427
18 18 -0.1
18 19 -6.1275
18 20 -6.0244
18 21 -7.0375
18 22 -2.357
18 23 -7.0483
18 24 -5.9846
18 25 -5.6399
18 26 -9.2283
18 27 -4.4509
18 28 -4.2934
18 29 -4.9189
18 30 -7.5584
18 31 -3.2058
18 32 -5.8152
18 33 -8.5125
18 34 -9.837
18 35 -3.7008
18 36 -6.0452
18 37 -7.1909
18 38 -5.8984
18 39 -5.3204
18 40 -2.1941
18 41 -5.1865
18 42 -7.674
18 43 -7.916
18 44 -2.7653
18 45 -4.8678
18 46 -5.9085
18 47 -8.9675
18 48 -9.2808
18 49 -5.9721
18 50 -8.13
18 51 -8.8053
18 52 -6.7564
18 53 -1.2527
18 54 -3.9922
18 55 -10.104
18 56 -4.2799
18 57 -7.0928
18 58 -9.2146
18 59 -3.9499
18 60 -3.5724
18 61 -5.6768
18 62 -4.9719
18 63 -9.2654
18 64 -4.1709
18 65 -7.2923
18 66 -7.0182
18 67 -5.9834
18 68 -7.2907
18 69 -4.6092
18 70 -2.5495
18 71 -4.3414
18 72 -5.5184
18 73 -8.5866
18 74 -6.4918
18 75 -7.0665
18 76 -7.8312
18 77 -8.9743
18 78 -9.5589
18 79 -5.6298
18 80 -7.4849
18 81 -5.0359
18 82 -10.114
18 83 -7.674
18 84 -5.4254
18 85 -5.1585
18 86 -6.2002
18 87 -7.0332
18 88 -2.4914
18 89 -4.5215
18 90 -4.5215
19 1 -3.0461
19 2 -6.3297
19 3 -4.0228
19 4 -4.5779
19 5 -6.3441
19 6 -3.9515
19 7 -4.8567
19 8 -2.9744
19 9 -2.6595
19 10 -1.6104
19 11 -2.9351
19 12 -3.7067
19 13 -3.4456
19 14 -4.8804
19 15 -4.7562
19 16 -0.16531
19 17 -1.2399
19 18 -6.1275
19 19 -0.1
19 20 -6.2299
19 21 -6.2478
19 22 -5.8738
19 23 -2.0906
19 24 -3.7857
19 25 -8.4185
19 26 -6.4337
19 27 -4.9747
19 28 -5.6357
19 29 -3.5674
19 30 -1.8066
19 31 -5.6905
19 32 -2.418
19 33 -2.7323
19 34 -5.6358
19 35 -5.4
19 36 -6.0223
19 37 -3.3566
19 38 -4.3831
19 39 -1.9358
19 40 -6.1497
19 41 -4.2157
19 42 -2.02
19 43 -4.3586
19 44 -6.8636
19 45 -6.3641
19 46 -4.0667
19 47 -3.6153
19 48 -4.2895
19 49 -4.6997
19 50 -2.8726
19 51 -3.4743
19 52 -2.8294
19 53 -5.3507
19 54 -5.8063
19 55 -4.5306
19 56 -4.6091
19 57 -6.6638
19 58 -4.8888
19 59 -4.4162
19 60 -5.6098
19 61 -2.1406
19 62 -5.2373
19 63 -4.9928
19 64 -6.8332
19 65 -4.6613
19 66 -6.2547
19 67 -5.0125
19 68 -3.3673
19 69 -2.9356
19 70 -7.11
19 71 -6.8262
19 72 -4.9964
19 73 -5.9385
19 74 -6.1808
19 75 -8.8507
19 76 -3.8864
19 77 -4.9697
19 78 -6.6912
19 79 -7.5406
19 80 -5.4393
19 81 -4.4543
19 82 -4.6842
19 83 -2.02
19 84 -9.1608
19 85 -5.778
19 86 -2.9999
19 87 -3.6585
19 88 -6.8692
19 89 -2.9629
19 90 -2.9629
20 1 -6.6794
20 2 -4.2998
20 3 -8.4752
20 4 -4.8206
20 5 -1.5901
20 6 -3.225
20 7 -3.5881
20 8 -7.3
20 9 -7.1742
20 10 -6.9274
20 11 -4.1288
20 12 -9.7403
20 13 -8.8804
20 14 -8.4342
20 15 -8.8418
20 16 -6.2895
20 17 -5.8136
20 18 -6.0244
20 19 -6.2299
20 20 -0.1
20 21 -6.2249
20 22 -7.8484
20 23 -5.1178
20 24 -7.2518
20 25 -4.9865
20 26 -6.0513
20 27 -6.7592
20 28 -3.0432
20 29 -3.2451
20 30 -6.1754
20 31 -7.7303
20 32 -5.4371
20 33 -6.9869
20 34 -10.791
20 35 -8.3394
20 36 -2.2
20 37 -8.7048
20 38 -8.9495
20 39 -7.0215
20 40 -7.4346
20 41 -3.4182
20 42 -7.55
20 43 -9.3581
20 44 -8.6019
20 45 -8.9615
20 46 -9.1412
20 47 -8.2896
20 48 -8.7834
20 49 -3.5786
20 50 -9.0934
20 51 -6.2888
20 52 -6.8216
20 53 -6.3313
20 54 -2.8352
20 55 -7.6334
20 56 -3.2224
20 57 -8.2609
20 58 -7.3703
20 59 -3.8293
20 60 -6.8696
20 61 -7.6566
20 62 -7.2122
20 63 -8.7332
20 64 -2.9551
20 65 -10.24
20 66 -9.2725
20 67 -6.0682
20 68 -4.178
20 69 -4.1285
20 70 -4.4181
20 71 -2.9317
20 72 -4.6916
20 73 -4.3516
20 74 -8.6892
20 75 -3.5859
20 76 -4.7268
20 77 -4.9586
20 78 -6.6001
20 79 -4.2114
20 80 -10.699
20 81 -8.5215
20 82 -10.638
20 83 -7.55
20 84 -4.4279
20 85 -7.0572
20 86 -3.691
20 87 -7.5332
20 88 -8.3715
20 89 -3.7844
20 90 -3.7844
21 1 -8.5477
21 2 -7.1667
21 3 -4.9456
21 4 -2.2992
21 5 -6.4693
21 6 -4.0827
21 7 -8.201
21 8 -8.5981
21 9 -8.7882
21 10 -7.0527
21 11 -4.0555
21 12 -9.4239
21 13 -6.2398
21 14 -5.2834
21 15 -9.9633
21 16 -6.2494
21 17 -6.2549
21 18 -7.0375
21 19 -6.2478
21 20 -6.2249
21 21 -0.1
21 22 -7.8904
21 23 -6.0632
21 24 -9.3974
21 25 -10.201
21 26 -3.505
21 27 -3.5528
21 28 -3.9545
21 29 -6.6601
21 30 -6.7411
21 31 -9.1011
21 32 -7.7084
21 33 -6.2932
21 34 -6.9839
21 35 -6.7192
21 36 -7.9054
21 37 -5.967
21 38 -6.2618
21 39 -7.3906
21 40 -8.655
21 41 -7.5076
21 42 -8.1363
21 43 -5.825
21 44 -8.5973
21 45 -10.561
21 46 -8.7177
21 47 -9.588
21 48 -10.366
21 49 -8.1086
21 50 -7.9526
21 51 -7.6847
21 52 -8.7904
21 53 -7.3607
21 54 -7.3701
21 55 -8.9899
21 56 -7.277
21 57 -11.778
21 58 -4.3424
21 59 -3.5876
21 60 -4.4052
21 61 -6.6618
21 62 -9.9131
21 63 -11.041
21 64 -7.6475
21 65 -8.1815
21 66 -11.684
21 67 -9.7703
21 68 -6.5481
21 69 -4.0559
21 70 -7.1696
21 71 -7.7984
21 72 -8.9375
21 73 -8.9495
21 74 -11.374
21 75 -9.5678
21 76 -7.7341
21 77 -6.0231
21 78 -3.5154
21 79 -9.6229
21 80 -8.0063
21 81 -9.1406
21 82 -8.6208
21 83 -8.1363
21 84 -8.9216
21 85 -2.9482
21 86 -6.3688
21 87 -3.9228
21 88 -8.5536
21 89 -4.415
21 90 -4.415
22 1 -5.0074
22 2 -4.3302
22 3 -7.8812
22 4 -7.6524
22 5 -9.0335
22 6 -5.5247
22 7 -6.8595
22 8 -4.811
22 9 -6.7822
22 10 -7.4391
22 11 -5.3723
22 12 -7.0124
22 13 -6.1064
22 14 -4.3745
22 15 -4.4554
22 16 -6.029
22 17 -4.7328
22 18 -2.357
22 19 -5.8738
22 20 -7.8484
22 21 -7.8904
22 22 -0.1
22 23 -7.3944
22 24 -5.4554
22 25 -7.3817
22 26 -10.158
22 27 -4.5931
22 28 -6.0421
22 29 -5.9193
22 30 -7.5794
22 31 -2.1233
22 32 -5.9337
22 33 -8.4758
22 34 -8.8984
22 35 -2.1861
22 36 -7.6254
22 37 -6.2583
22 38 -4.5833
22 39 -4.5344
22 40 -1.5259
22 41 -6.2269
22 42 -7.1568
22 43 -7.0152
22 44 -0.99859
22 45 -3.563
22 46 -4.1727
22 47 -8.5109
22 48 -8.7488
22 49 -7.0107
22 50 -7.095
22 51 -9.0555
22 52 -6.4453
22 53 -1.6298
22 54 -5.7741
22 55 -10.185
22 56 -5.5678
22 57 -6.8915
22 58 -9.4716
22 59 -5.219
22 60 -3.8165
22 61 -4.6727
22 62 -4.6398
22 63 -8.8406
22 64 -6.228
22 65 -5.5878
22 66 -6.1223
22 67 -6.277
22 68 -8.0091
22 69 -5.3714
22 70 -4.8792
22 71 -6.3514
22 72 -6.3241
22 73 -9.6388
22 74 -5.8112
22 75 -9.0843
22 76 -8.4769
22 77 -9.8215
22 78 -10.412
22 79 -7.2867
22 80 -5.762
22 81 -3.4609
22 82 -9.0801
22 83 -7.1568
22 84 -7.6955
22 85 -5.4781
22 86 -6.9718
22 87 -6.7721
22 88 -1.0147
22 89 -5.3847
22 90 -5.3847
23 1 -4.2002
23 2 -6.6278
23 3 -4.7028
23 4 -3.9067
23 5 -4.7791
23 6 -3.7417
23 7 -4.2263
23 8 -4.4734
23 9 -3.3871
23 10 -1.9145
23 11 -3.0156
23 12 -5.3617
23 13 -5.1233
23 14 -6.433
23 15 -6.4252
23 16 -2.0227
23 17 -2.8122
23 18 -7.0483
23 19 -2.0906
23 20 -5.1178
23 21 -6.0632
23 22 -7.3944
23 23 -0.1
23 24 -4.8463
23 25 -8.1716
23 26 -5.2295
23 27 -5.9325
23 28 -5.3373
23 29 -3.1072
23 30 -1.0977
23 31 -7.1169
23 32 -2.7428
23 33 -2.1015
23 34 -6.6996
23 35 -7.0834
23 36 -5.0637
23 37 -4.9327
23 38 -6.2023
23 39 -3.8247
23 40 -7.4598
23 41 -3.7386
23 42 -2.9245
23 43 -5.7076
23 44 -8.3905
23 45 -7.8661
23 46 -6.1127
23 47 -3.8471
23 48 -4.6047
23 49 -3.9697
23 50 -4.4535
23 51 -1.9316
23 52 -3.5118
23 53 -6.5093
23 54 -5.5421
23 55 -3.3428
23 56 -4.3941
23 57 -7.2776
23 58 -4.2261
23 59 -4.4723
23 60 -6.6448
23 61 -4.2034
23 62 -6.2303
23 63 -5.2015
23 64 -6.5248
23 65 -6.6758
23 66 -7.4175
23 67 -5.2549
23 68 -1.4658
23 69 -3.0164
23 70 -7.313
23 71 -6.4806
23 72 -4.8476
23 73 -4.328
23 74 -7.2379
23 75 -7.9778
23 76 -2.2433
23 77 -2.9749
23 78 -5.5847
23 79 -7.1499
23 80 -7.3872
23 81 -6.2655
23 82 -5.7404
23 83 -2.9245
23 84 -8.8061
23 85 -6.5316
23 86 -1.7361
23 87 -4.4489
23 88 -8.3333
23 89 -2.9122
23 90 -2.9122
24 1 -0.85215
24 2 -6.0588
24 3 -7.647
24 4 -7.805
24 5 -7.7108
24 6 -5.9448
24 7 -4.1982
24 8 -1.2205
24 9 -2.1649
24 10 -4.436
24 11 -5.4397
24 12 -4.1502
24 13 -6.209
24 14 -7.0428
24 15 -2.3053
24 16 -3.8947
24 17 -3.2303
24 18 -5.9846
24 19 -3.7857
24 20 -7.2518
24 21 -9.3974
24 22 -5.4554
24 23 -4.8463
24 24 -0.1
24 25 -6.9666
24 26 -9.7969
24 27 -7.3397
24 28 -7.3633
24 29 -4.0453
24 30 -4.5903
24 31 -3.9419
24 32 -2.2536
24 33 -6.0682
24 34 -8.7767
24 35 -6.239
24 36 -5.9257
24 37 -6.31
24 38 -6.3887
24 39 -2.5578
24 40 -4.9161
24 41 -3.9351
24 42 -3.4472
24 43 -7.4435
24 44 -6.2486
24 45 -3.7508
24 46 -3.8091
24 47 -3.8839
24 48 -3.7947
24 49 -4.2098
24 50 -4.9834
24 51 -5.4803
24 52 -1.6642
24 53 -4.8794
24 54 -5.5045
24 55 -6.1082
24 56 -4.2727
24 57 -3.013
24 58 -8.6194
24 59 -6.4665
24 60 -7.3959
24 61 -4.1099
24 62 -2.0509
24 63 -3.4967
24 64 -6.5548
24 65 -6.0049
24 66 -2.575
24 67 -2.3203
24 68 -5.2431
24 69 -5.4395
24 70 -7.0284
24 71 -6.4705
24 72 -3.3473
24 73 -6.1968
24 74 -2.4683
24 75 -8.3748
24 76 -4.9525
24 77 -7.6223
24 78 -10.152
24 79 -6.2454
24 80 -7.0158
24 81 -2.8762
24 82 -7.1383
24 83 -3.4472
24 84 -8.8055
24 85 -8.3259
24 86 -4.5085
24 87 -7.1958
24 88 -6.2074
24 89 -5.2076
24 90 -5.2076
25 1 -6.841
25 2 -3.7524
25 3 -11.747
25 4 -9.0705
25 5 -6.1778
25 6 -6.4203
25 7 -4.214
25 8 -7.5366
25 9 -8.1713
25 10 -9.3849
25 11 -7.1578
25 12 -10.832
25 13 -11.102
25 14 -10.288
25 15 -8.1827
25 16 -8.5441
25 17 -7.4909
25 18 -5.6399
25 19 -8.4185
25 20 -4.9865
25 21 -10.201
25 22 -7.3817
25 23 -8.1716
25 24 -6.9666
25 25 -0.1
25 26 -10.84
25 27 -9.1156
25 28 -6.2943
25 29 -5.0925
25 30 -8.8825
25 31 -6.4215
25 32 -6.5722
25 33 -10.25
25 34 -13.695
25 35 -9.0238
25 36 -3.6861
25 37 -11.079
25 38 -10.61
25 39 -8.034
25 40 -6.1472
25 41 -4.4868
25 42 -9.268
25 43 -11.994
25 44 -7.7621
25 45 -7.2079
25 46 -9.5083
25 47 -9.7274
25 48 -9.8153
25 49 -4.5194
25 50 -10.991
25 51 -9.1779
25 52 -7.5547
25 53 -5.8642
25 54 -2.9694
25 55 -10.276
25 56 -3.8643
25 57 -6.125
25 58 -11.546
25 59 -6.8153
25 60 -8.6322
25 61 -9.2035
25 62 -5.669
25 63 -9.1868
25 64 -2.5794
25 65 -11.509
25 66 -7.6262
25 67 -5.0375
25 68 -7.3993
25 69 -7.157
25 70 -3.9576
25 71 -2.4197
25 72 -4.0728
25 73 -6.5052
25 74 -6.8509
25 75 -2.7937
25 76 -7.3078
25 77 -9.2334
25 78 -11.362
25 79 -1.1537
25 80 -12.099
25 81 -8.1351
25 82 -13.051
25 83 -9.268
25 84 -3.0128
25 85 -9.7198
25 86 -6.4947
25 87 -10.707
25 88 -7.4501
25 89 -6.7458
25 90 -6.7458
26 1 -9.0258
26 2 -8.7453
26 3 -5.3705
26 4 -2.5065
26 5 -5.3942
26 6 -5.1326
26 7 -8.0102
26 8 -9.22
26 9 -8.57
26 10 -6.4712
26 11 -5.0054
26 12 -9.7176
26 13 -7.391
26 14 -7.746
26 15 -10.989
26 16 -6.3667
26 17 -6.9309
26 18 -9.2283
26 19 -6.4337
26 20 -6.0513
26 21 -3.505
26 22 -10.158
26 23 -5.2295
26 24 -9.7969
26 25 -10.84
26 26 -0.1
26 27 -6.3858
26 28 -5.4727
26 29 -6.7602
26 30 -5.9322
26 31 -10.793
26 32 -7.6863
26 33 -5.1522
26 34 -7.5769
26 35 -9.224
26 36 -7.6433
26 37 -7.0535
26 38 -8.2543
26 39 -8.169
26 40 -10.62
26 41 -7.5168
26 42 -7.8024
26 43 -7.0092
26 44 -11.026
26 45 -12.029
26 46 -10.033
26 47 -8.81
26 48 -9.6405
26 49 -7.8053
26 50 -8.1676
26 51 -6.1167
26 52 -8.6831
26 53 -9.3321
26 54 -8.0691
26 55 -7.1974
26 56 -7.7153
26 57 -12.127
26 58 -2.8895
26 59 -5.2845
26 60 -7.3457
26 61 -7.7369
26 62 -10.75
26 63 -10.359
26 64 -8.4981
26 65 -9.6168
26 66 -12.337
26 67 -9.9218
26 68 -5.3545
26 69 -5.0062
26 70 -8.8965
26 71 -8.5568
26 72 -9.0319
26 73 -7.4868
26 74 -12.062
26 75 -9.5928
26 76 -6.4458
26 77 -3.6023
26 78 -0.57301
26 79 -9.9985
26 80 -9.7501
26 81 -10.457
26 82 -8.4505
26 83 -7.8024
26 84 -9.9784
26 85 -6.1357
26 86 -5.7929
26 87 -5.0695
26 88 -10.958
26 89 -5.1983
26 90 -5.1983
27 1 -6.5275
27 2 -5.5348
27 3 -4.7312
27 4 -4.0904
27 5 -7.5391
27 6 -3.657
27 7 -7.4376
27 8 -6.3782
27 9 -7.3493
27 10 -6.346
27 11 -3.3171
27 12 -7.4591
27 13 -4.3638
27 14 -2.1828
27 15 -7.2246
27 16 -5.0497
27 17 -4.4774
27 18 -4.4509
27 19 -4.9747
27 20 -6.7592
27 21 -3.5528
27 22 -4.5931
27 23 -5.9325
27 24 -7.3397
27 25 -9.1156
27 26 -6.3858
27 27 -0.1
27 28 -4.0274
27 29 -5.8468
27 30 -6.3385
27 31 -6.1204
27 32 -6.3866
27 33 -6.4187
27 34 -6.2678
27 35 -3.1819
27 36 -7.6943
27 37 -4.2682
27 38 -3.3958
27 39 -5.1892
27 40 -5.6607
27 41 -6.6368
27 42 -6.9202
27 43 -4.4628
27 44 -5.2541
27 45 -7.5696
27 46 -5.8375
27 47 -8.5746
27 48 -9.1992
27 49 -7.4333
27 50 -6.3952
27 51 -7.8131
27 52 -7.2707
27 53 -4.5413
27 54 -6.423
27 55 -9.1068
27 56 -6.1969
27 57 -9.7238
27 58 -5.9231
27 59 -2.9301
27 60 -1.2034
27 61 -4.3474
27 62 -7.5663
27 63 -9.7751
27 64 -6.8512
27 65 -5.5431
27 66 -9.2144
27 67 -8.155
27 68 -6.7558
27 69 -3.3167
27 70 -5.7613
27 71 -7.0197
27 72 -7.6757
27 73 -9.2184
27 74 -8.9545
27 75 -9.5025
27 76 -7.7464
27 77 -7.454
27 78 -6.4912
27 79 -8.6907
27 80 -5.3128
27 81 -6.2238
27 82 -7.6456
27 83 -6.9202
27 84 -8.3729
27 85 -1.0325
27 86 -6.111
27 87 -3.3485
27 88 -5.2753
27 89 -3.6927
27 90 -3.6927
28 1 -6.6084
28 2 -3.5203
28 3 -6.9531
28 4 -3.4697
28 5 -4.1272
28 6 -1.6979
28 7 -5.1779
28 8 -6.9542
28 9 -7.4354
28 10 -6.7934
28 11 -2.7427
28 12 -9.1206
28 13 -7.2124
28 14 -5.9917
28 15 -8.2531
28 16 -5.7167
28 17 -5.0383
28 18 -4.2934
28 19 -5.6357
28 20 -3.0432
28 21 -3.9545
28 22 -6.0421
28 23 -5.3373
28 24 -7.3633
28 25 -6.2943
28 26 -5.4727
28 27 -4.0274
28 28 -0.1
28 29 -3.9536
28 30 -6.2822
28 31 -6.7246
28 32 -5.7922
28 33 -6.7904
28 34 -9.1523
28 35 -6.0556
28 36 -4.5622
28 37 -7.0469
28 38 -6.8383
28 39 -6.246
28 40 -6.1546
28 41 -4.5706
28 42 -7.4903
28 43 -7.5229
28 44 -6.7415
28 45 -8.2617
28 46 -7.9146
28 47 -8.7455
28 48 -9.3366
28 49 -5.2041
28 50 -8.245
28 51 -7.0979
28 52 -7.1524
28 53 -4.8453
28 54 -3.6259
28 55 -8.5634
28 56 -3.9954
28 57 -8.9948
28 58 -6.5101
28 59 -1.4187
28 60 -4.057
28 61 -6.3501
28 62 -7.26
28 63 -9.5582
28 64 -3.7207
28 65 -8.5742
28 66 -9.3931
28 67 -6.9725
28 68 -5.2097
28 69 -2.742
28 70 -3.4777
28 71 -3.8889
28 72 -5.8782
28 73 -6.7228
28 74 -8.8791
28 75 -5.8451
28 76 -6.1443
28 77 -5.8699
28 78 -5.8745
28 79 -5.8187
28 80 -8.7494
28 81 -7.5731
28 82 -9.7443
28 83 -7.4903
28 84 -5.0632
28 85 -4.1866
28 86 -4.5137
28 87 -5.713
28 88 -6.5566
28 89 -2.6849
28 90 -2.6849
29 1 -3.4529
29 2 -3.8989
29 3 -6.9326
29 4 -4.8907
29 5 -3.7776
29 6 -2.7252
29 7 -1.6605
29 8 -4.0952
29 9 -4.0532
29 10 -4.419
29 11 -2.8307
29 12 -6.6892
29 13 -6.6513
29 14 -6.7789
29 15 -5.7423
29 16 -3.6613
29 17 -2.9992
29 18 -4.9189
29 19 -3.5674
29 20 -3.2451
29 21 -6.6601
29 22 -5.9193
29 23 -3.1072
29 24 -4.0453
29 25 -5.0925
29 26 -6.7602
29 27 -5.8468
29 28 -3.9536
29 29 -0.1
29 30 -3.8583
29 31 -5.3325
29 32 -2.2454
29 33 -5.1634
29 34 -8.9476
29 35 -6.4784
29 36 -2.5142
29 37 -6.556
29 38 -6.8441
29 39 -4.0013
29 40 -5.4727
29 41 -0.89293
29 42 -4.6488
29 43 -7.4673
29 44 -6.8176
29 45 -6.2877
29 46 -6.2125
29 47 -5.4479
29 48 -5.8667
29 49 -1.5974
29 50 -6.3646
29 51 -4.4263
29 52 -3.6449
29 53 -4.5539
29 54 -2.5145
29 55 -5.728
29 56 -1.2926
29 57 -5.5838
29 58 -6.7202
29 59 -3.5492
29 60 -6.0137
29 61 -4.9875
29 62 -4.3895
29 63 -5.8192
29 64 -3.5805
29 65 -7.6334
29 66 -6.26
29 67 -3.3361
29 68 -2.6798
29 69 -2.8304
29 70 -4.6483
29 71 -3.5073
29 72 -2.3356
29 73 -3.7832
29 74 -5.7801
29 75 -5.2976
29 76 -2.9934
29 77 -4.8363
29 78 -7.2327
29 79 -4.1263
29 80 -8.3142
29 81 -5.5635
29 82 -8.2101
29 83 -4.6488
29 84 -5.9508
29 85 -6.5556
29 86 -1.5704
29 87 -6.127
29 88 -6.6507
29 89 -2.3805
29 90 -2.3805
30 1 -4.0197
30 2 -7.3457
30 3 -4.4764
30 4 -4.6912
30 5 -5.8392
30 6 -4.6306
30 7 -4.8584
30 8 -4.1521
30 9 -2.8008
30 10 -0.88405
30 11 -3.764
30 12 -4.4587
30 13 -4.7019
30 14 -6.4728
30 15 -6.0647
30 16 -1.6858
30 17 -2.8479
30 18 -7.5584
30 19 -1.8066
30 20 -6.1754
30 21 -6.7411
30 22 -7.5794
30 23 -1.0977
30 24 -4.5903
30 25 -8.8825
30 26 -5.9322
30 27 -6.3385
30 28 -6.2822
30 29 -3.8583
30 30 -0.1
30 31 -7.2127
30 32 -2.8024
30 33 -1.6132
30 34 -6.1892
30 35 -7.1756
30 36 -5.9329
30 37 -4.5407
30 38 -6.0096
30 39 -3.5204
30 40 -7.6993
30 41 -4.4056
30 42 -1.9939
30 43 -5.3613
30 44 -8.575
30 45 -7.7746
30 46 -5.6658
30 47 -2.9441
30 48 -3.7596
30 49 -4.6062
30 50 -3.5762
30 51 -1.7063
30 52 -3.113
30 53 -6.8707
30 54 -6.3493
30 55 -2.8135
30 56 -5.1023
30 57 -7.1943
30 58 -4.4139
30 59 -5.2888
30 60 -7.0831
30 61 -3.852
30 62 -6.2422
30 63 -4.5506
30 64 -7.3833
30 65 -6.134
30 66 -7.1128
30 67 -5.3926
30 68 -2.3459
30 69 -3.7648
30 70 -8.0931
30 71 -7.3332
30 72 -5.2708
30 73 -4.9358
30 74 -7.048
30 75 -8.8889
30 76 -2.7278
30 77 -3.6959
30 78 -6.2186
30 79 -7.8649
30 80 -6.9351
30 81 -5.9953
30 82 -4.8257
30 83 -1.9939
30 84 -9.7148
30 85 -6.9945
30 86 -2.6253
30 87 -4.4793
30 88 -8.5539
30 89 -3.7151
30 90 -3.7151
31 1 -3.7581
31 2 -4.3573
31 3 -8.6166
31 4 -8.3539
31 5 -8.837
31 6 -5.9535
31 7 -5.8404
31 8 -3.6887
31 9 -5.732
31 10 -7.0858
31 11 -5.7921
31 12 -6.4556
31 13 -6.7758
31 14 -5.8845
31 15 -3.0445
31 16 -5.8524
31 17 -4.5226
31 18 -3.2058
31 19 -5.6905
31 20 -7.7303
31 21 -9.1011
31 22 -2.1233
31 23 -7.1169
31 24 -3.9419
31 25 -6.4215
31 26 -10.793
31 27 -6.1204
31 28 -6.7246
31 29 -5.3325
31 30 -7.2127
31 31 -0.1
31 32 -4.9921
31 33 -8.4157
31 34 -9.6769
31 35 -3.9634
31 36 -6.9166
31 37 -6.9401
31 38 -5.7186
31 39 -4.0584
31 40 -1.2031
31 41 -5.3707
31 42 -6.5012
31 43 -7.9017
31 44 -2.5709
31 45 -1.6803
31 46 -3.9225
31 47 -7.5388
31 48 -7.6001
31 49 -6.0208
31 50 -6.9783
31 51 -8.4983
31 52 -5.2859
31 53 -2.0809
31 54 -5.2736
31 55 -9.4885
31 56 -4.8477
31 57 -4.8493
31 58 -10.028
31 59 -5.9699
31 60 -5.5469
31 61 -4.8585
31 62 -2.6893
31 63 -7.4319
31 64 -5.8894
31 65 -6.1011
31 66 -4.1491
31 67 -4.6241
31 68 -7.5607
31 69 -5.7912
31 70 -5.1485
31 71 -5.9326
31 72 -4.9884
31 73 -8.7237
31 74 -3.764
31 75 -8.4627
31 76 -7.7347
31 77 -9.7237
31 78 -11.115
31 79 -6.2754
31 80 -6.6339
31 81 -2.4713
31 82 -9.1586
31 83 -6.5012
31 84 -7.5604
31 85 -7.0877
31 86 -6.497
31 87 -7.6717
31 88 -2.484
31 89 -5.6583
31 90 -5.6583
32 1 -1.6984
32 2 -5.4501
32 3 -6.4112
32 4 -5.8607
32 5 -5.6684
32 6 -4.2485
32 7 -2.8501
32 8 -2.2986
32 9 -1.8274
32 10 -3.0225
32 11 -3.7392
32 12 -4.6621
32 13 -5.6851
32 14 -6.5947
32 15 -4.1879
32 16 -2.5063
32 17 -2.1134
32 18 -5.8152
32 19 -2.418
32 20 -5.4371
32 21 -7.7084
32 22 -5.9337
32 23 -2.7428
32 24 -2.2536
32 25 -6.5722
32 26 -7.6863
32 27 -6.3866
32 28 -5.7922
32 29 -2.2454
32 30 -2.8024
32 31 -4.9921
32 32 -0.1
32 33 -4.3735
32 34 -8.0243
32 35 -6.3383
32 36 -4.4264
32 37 -5.6578
32 38 -6.1923
32 39 -2.5045
32 40 -5.5864
32 41 -2.4152
32 42 -2.6972
32 43 -6.7141
32 44 -6.8739
32 45 -5.459
32 46 -4.7634
32 47 -3.425
32 48 -3.7691
32 49 -2.7258
32 50 -4.6858
32 51 -3.6288
32 52 -1.4158
32 53 -4.9905
32 54 -4.4439
32 55 -4.6195
32 56 -3.055
32 57 -4.5764
32 58 -6.7743
32 59 -4.9518
32 60 -6.6741
32 61 -3.8239
32 62 -3.5576
32 63 -3.8105
32 64 -5.5619
32 65 -6.3327
32 66 -4.7775
32 67 -2.6757
32 68 -3.0116
32 69 -3.7392
32 70 -6.3445
32 71 -5.4779
32 72 -2.7333
32 73 -4.443
32 74 -4.5271
32 75 -7.2472
32 76 -2.9091
32 77 -5.4012
32 78 -8.0757
32 79 -5.6322
32 80 -7.2331
32 81 -4.2811
32 82 -6.6596
32 83 -2.6972
32 84 -7.9494
32 85 -7.252
32 86 -2.2778
32 87 -5.9244
32 88 -6.7924
32 89 -3.4553
32 90 -3.4553
33 1 -5.4694
33 2 -8.4354
33 3 -3.4551
33 4 -4.3721
33 5 -6.4868
33 6 -5.2454
33 7 -6.2979
33 8 -5.4669
33 9 -4.2284
33 10 -1.7023
33 11 -4.3088
33 12 -4.9968
33 13 -4.4389
33 14 -6.4971
33 15 -7.2717
33 16 -2.5742
33 17 -3.9097
33 18 -8.5125
33 19 -2.7323
33 20 -6.9869
33 21 -6.2932
33 22 -8.4758
33 23 -2.1015
33 24 -6.0682
33 25 -10.25
33 26 -5.1522
33 27 -6.4187
33 28 -6.7904
33 29 -5.1634
33 30 -1.6132
33 31 -8.4157
33 32 -4.3735
33 33 -0.1
33 34 -5.1777
33 35 -7.683
33 36 -7.1449
33 37 -4.1972
33 38 -6.0666
33 39 -4.5829
33 40 -8.8227
33 41 -5.8123
33 42 -3.0377
33 43 -4.7287
33 44 -9.4628
33 45 -9.0532
33 46 -6.4326
33 47 -3.9456
33 48 -4.8096
33 49 -6.0376
33 50 -3.6317
33 51 -2.3581
33 52 -4.6282
33 53 -7.9104
33 54 -7.5654
33 55 -3.1379
33 56 -6.4317
33 57 -8.7746
33 58 -3.1039
33 59 -5.765
33 60 -7.3641
33 61 -4.3762
33 62 -7.7317
33 63 -5.8085
33 64 -8.5271
33 65 -6.2586
33 66 -8.5512
33 67 -6.9972
33 68 -3.3127
33 69 -4.3098
33 70 -9.0958
33 71 -8.5036
33 72 -6.8171
33 73 -6.0316
33 74 -8.5364
33 75 -10.033
33 76 -3.9093
33 77 -3.5303
33 78 -5.3186
33 79 -9.2424
33 80 -6.9029
33 81 -7.0857
33 82 -4.1377
